0.001140250855188 0.168889733519152
0.010262257696693 0.171118712783479
0.013683010262258 0.171861987415009
0.017103762827822 0.17334600278728
0.020524515393387 0.174830018159551
0.025085518814139 0.176314878162085
0.028506271379704 0.178539634275096
0.033067274800456 0.181505975759111
0.036488027366021 0.182989991131382
0.039908779931585 0.185214747244394
0.042189281641961 0.187438658727142
0.046750285062714 0.191145740951898
0.050171037628278 0.194111237805651
0.053591790193843 0.197817475400144
0.058152793614595 0.200783816884159
0.06157354618016 0.204490054478652
0.064994298745724 0.209677773554626
0.0672748004561 0.213383166518856
0.071835803876853 0.217830989484353
0.075256556442417 0.222277967819587
0.07981755986317 0.225985050044343
0.083238312428734 0.232654250601799
0.088939566704675 0.240806621901263
0.091220068415051 0.246734237087715
0.096921322690992 0.254145867646438
0.100342075256556 0.258592845981672
0.101482326111745 0.260815912834157
0.103762827822121 0.263039824316905
0.106043329532497 0.267485958021876
0.108323831242873 0.270450610245365
0.11060433295325 0.273415262468854
0.115165336374002 0.280085307656573
0.118586088939567 0.283791545251066
0.119726339794755 0.287496093585033
0.123147092360319 0.289720849698045
0.125427594070696 0.292685501921534
0.12884834663626 0.297132480256768
0.132269099201824 0.300838717851261
0.136830102622577 0.306027281557498
0.14139110604333 0.311956586004477
0.144811858608894 0.31640356433971
0.150513112884835 0.322333713416952
0.156214367160775 0.326782381012712
0.15963511972634 0.329747877866464
0.163055872291904 0.332713374720216
0.166476624857469 0.336419612314709
0.171037628278221 0.339385953798725
0.175598631698974 0.340870813801259
0.180159635119726 0.343837155285274
0.184720638540479 0.345322015287808
0.19042189281642 0.346807719920605
0.19612314709236 0.34681194307192
0.202964652223489 0.346817010853499
0.210946408209806 0.3460821825246
0.217787913340935 0.344605768824697
0.224629418472064 0.343129355124794
0.230330672748005 0.338689133831665
0.234891676168757 0.335729549389755
0.23945267958951 0.333510705688585
0.24515393386545 0.329811225136197
0.248574686431015 0.325369314582541
0.253135689851767 0.320187507918409
0.255416191562144 0.315744752734491
0.261117445838084 0.310563790700621
0.264538198403649 0.307603361628447
0.266818700114025 0.301679124963047
0.271379703534778 0.297978799780396
0.27594070695553 0.292796993116263
0.280501710376283 0.287615186452131
0.285062713797035 0.282433379787998
0.287343215507412 0.279472106085561
0.290763968072976 0.274289454791165
0.291904218928164 0.270586595717725
0.295324971493729 0.265403944423329
0.299885974914481 0.258740656277714
0.305587229190422 0.254300434984585
0.307867730900798 0.248376198319186
0.312428734321551 0.242453650914312
0.316989737742303 0.237271844250179
0.320410490307868 0.231348452215043
0.326111744583808 0.225426749440432
0.330672748004561 0.217281979813337
0.334093500570125 0.212840069259682
0.339794754846066 0.207659107225812
0.346636259977195 0.200256767599983
0.353477765108324 0.195076650196377
0.356898517673888 0.191375480383462
0.361459521094641 0.186193673719329
0.367160775370582 0.183234933907682
0.372862029646522 0.180276194096034
0.377423033067275 0.175835128172642
0.381984036488027 0.174357025212213
0.385404789053592 0.17213733688078
0.388825541619156 0.170658389290088
0.392246294184721 0.169179441699396
0.394526795895097 0.169181130959922
0.397947548460661 0.169183664850712
0.399087799315849 0.170665990962456
0.403648802736602 0.17215085096499
0.40478905359179 0.173633177076735
0.407069555302166 0.171412644115039
0.411630558722919 0.171416022636091
0.416191562143672 0.169937919675662
0.424173318129989 0.169943832087504
0.431014823261117 0.170689640609823
0.436716077537058 0.17217534524262
0.442417331812999 0.173661049875417
0.450399087799316 0.176629925250222
0.458380843785633 0.181080282106508
0.462941847206385 0.185528105072005
0.467502850627138 0.189975928037502
0.470923603192702 0.192200684150513
0.475484606613455 0.197389247856751
0.480045610034208 0.201837070822248
0.483466362599772 0.207765530638963
0.485746864310148 0.213693145825415
0.490307867730901 0.217400228050171
0.493728620296465 0.221847206385405
0.500570125427594 0.230000422315132
0.503990877993159 0.235928882131847
0.508551881413911 0.241858186578825
0.513112884834664 0.247046750285063
0.51539338654504 0.250752143249293
0.518814139110604 0.258162084547489
0.522234891676169 0.266312766586427
0.52793614595211 0.272242915663668
0.532497149372862 0.278912960851387
0.538198403648803 0.287065332150851
0.541619156214367 0.295956754930529
0.545039908779932 0.301885214747244
0.548460661345496 0.310035896786182
0.555302166476625 0.320411334938131
0.561003420752566 0.329304446978335
0.567844925883694 0.336716922167321
0.573546180159635 0.344869293466785
0.578107183580388 0.353761560876726
0.583808437856328 0.36191393217619
0.590649942987457 0.368585666624435
0.59521094640821 0.375255711812154
0.600912200684151 0.381185860889396
0.604332953249715 0.385632839224629
0.612314709236032 0.390823936821656
0.616875712656785 0.396753241268635
0.624857468643101 0.401203598124921
0.63169897377423 0.404912369610203
0.640820980615735 0.40714134887453
0.652223489167617 0.407890535917902
0.661345496009122 0.408638033700747
0.670467502850627 0.404941087039149
0.678449258836944 0.401243295747287
0.685290763968073 0.39606317834368
0.692132269099202 0.389401579458592
0.696693272519954 0.383479032053718
0.702394526795895 0.377557329279108
0.709236031927024 0.371636471134761
0.716077537058153 0.36275265002745
0.721778791334094 0.355349465771359
0.727480045610034 0.347205540774526
0.732041049030787 0.339801511888171
0.736602052451539 0.333138223742557
0.74230330672748 0.322772076523502
0.746864310148233 0.314627306896406
0.753705815279361 0.306484226529837
0.758266818700114 0.296857975421259
0.763968072976055 0.288714050424427
0.770809578107184 0.276867266354153
0.775370581527936 0.268722496727058
0.781071835803877 0.261319312470966
0.784492588369441 0.253914438954348
0.789053591790194 0.246510410067993
0.795895096921323 0.237626588960682
0.800456100342075 0.230963300815068
0.807297605473204 0.221338738967017
0.811858608893957 0.213193969339921
0.818700114025086 0.206532370454833
0.824401368301026 0.198388445458001
0.830102622576967 0.19172600194265
0.835803876852908 0.187285780649521
0.843785632839225 0.182106507876177
0.847206385404789 0.178405338063263
0.851767388825542 0.173964272139871
0.855188141391106 0.170263102326956
0.859749144811858 0.165822036403564
0.864310148232611 0.160640229739432
0.872291904218928 0.153979475484607
0.876852907639681 0.142131002153807
0.882554161915622 0.12954263271253
0.88939566704675 0.116955107901516
0.892816419612315 0.107328012162676
0.896237172177879 0.099182397905317
0.899657924743443 0.090296042907217
0.903078677309008 0.082150428649859
0.904218928164196 0.072521643650492
0.908779931584949 0.063636133282656
0.911060433295325 0.054748933654293
0.914481185860889 0.047344060137675
0.919042189281642 0.036236327547616
0.925883694412771 0.025130284218084
0.930444697833523 0.015504033109506
0.937286202964652 0.008842434224418
0.941847206385405 0.005142109041767
0.948688711516533 0.003665695341864
0.956670467502851 0.005893829975928
0.962371721778791 0.010342497571688
0.968072976054732 0.014791165167448
0.973774230330673 0.024425017948393
0.980615735461802 0.034800456100342
0.982896237172178 0.045913256471979
0.988597491448118 0.059250812956628
0.992018244013683 0.072586680180751
0.998859749144812 0.080739896110478
1.00456100342075 0.096299674817349
1.00684150513113 0.105190252966764
1.01254275940707 0.117787068710672
1.01596351197263 0.12667849149035
1.01710376282782 0.136308965750243
1.0285062713797 0.149650745386207
1.03420752565564 0.157803116685671
1.03990877993159 0.163733265762912
1.04446978335234 0.168181088728409
