0.000000000000000000e+00 4.287634300000001675e-01
9.519519519519518708e-04 4.328238734529803455e-01
1.903903903903903742e-03 4.372041730705192308e-01
2.855855855855855829e-03 4.419077898116745562e-01
3.807807807807807483e-03 4.469379415926844068e-01
4.759759759759759137e-03 4.522976184031013425e-01
5.711711711711711659e-03 4.579895959613136114e-01
6.663663663663663313e-03 4.640164476324483145e-01
7.615615615615614967e-03 4.703805543817252133e-01
8.567567567567567488e-03 4.770841125902776092e-01
9.519519519519518275e-03 4.841291396172093253e-01
1.047147147147147080e-02 4.915174770501317680e-01
1.142342342342342332e-02 4.992507916454996808e-01
1.237537537537537410e-02 5.073305740185917179e-01
1.332732732732732663e-02 5.157581351998096197e-01
1.427927927927927741e-02 5.245346012279969994e-01
1.523123123123122993e-02 5.336609060016089812e-01
1.618318318318318072e-02 5.431377826537866493e-01
1.713513513513513498e-02 5.529657537568026804e-01
1.808708708708708576e-02 5.631451206940392140e-01
1.903903903903903655e-02 5.736759525629997469e-01
1.999099099099099081e-02 5.845580749901794215e-01
2.094294294294294159e-02 5.957910592474789935e-01
2.189489489489489238e-02 6.073742120600074124e-01
2.284684684684684663e-02 6.193065664862879016e-01
2.379879879879879742e-02 6.315868742342372055e-01
2.475075075075074821e-02 6.442135997498688038e-01
2.570270270270269899e-02 6.571849163808951566e-01
2.665465465465465325e-02 6.704987048747372835e-01
2.760660660660660404e-02 6.841525544205683262e-01
2.855855855855855482e-02 6.981437663886757017e-01
2.951051051051050908e-02 7.124693608586303295e-01
3.046246246246245987e-02 7.271260859614623318e-01
3.141441441441441412e-02 7.421104299915129987e-01
3.236636636636636144e-02 7.574186361720187666e-01
3.331831831831831570e-02 7.730467198861787903e-01
3.427027027027026995e-02 7.889904881137422832e-01
3.522222222222221727e-02 8.052455607434784168e-01
3.617417417417417153e-02 8.218073933655887231e-01
3.712612612612612578e-02 8.386713010865791684e-01
3.807807807807807310e-02 8.558324828536297835e-01
3.903003003003002735e-02 8.732860457273475818e-01
3.998198198198198161e-02 8.910270285020639447e-01
4.093393393393392893e-02 9.090504240426880989e-01
4.188588588588588318e-02 9.273511996873227137e-01
4.283783783783783744e-02 9.459243150562792746e-01
4.378978978978978476e-02 9.647647366113144551e-01
4.474174174174173901e-02 9.838674483242687563e-01
4.569369369369369327e-02 1.003227457842075454e+00
4.664564564564564059e-02 1.022839797575320064e+00
4.759759759759759484e-02 1.042699520189996454e+00
4.854954954954954216e-02 1.062801688046437931e+00
4.950150150150149642e-02 1.083141356205026939e+00
5.045345345345345067e-02 1.103713548704346126e+00
5.140540540540539799e-02 1.124513227913099600e+00
5.235735735735735225e-02 1.145535256860997553e+00
5.330930930930930650e-02 1.166774354564800609e+00
5.426126126126125382e-02 1.188225044482145609e+00
5.521321321321320807e-02 1.209881596346178867e+00
5.616516516516516233e-02 1.231737961756550037e+00
5.711711711711710965e-02 1.253787704025277172e+00
5.806906906906906390e-02 1.276023922897398633e+00
5.902102102102101816e-02 1.298439174884397307e+00
5.997297297297296548e-02 1.321025390061077998e+00
6.092492492492491973e-02 1.343773786282153493e+00
6.187687687687687399e-02 1.366674781871306310e+00
6.282882882882882825e-02 1.389717907921276030e+00
6.378078078078076862e-02 1.412891721416869473e+00
6.473273273273272288e-02 1.436183720452289370e+00
6.568468468468467714e-02 1.459580262858370947e+00
6.663663663663663139e-02 1.483066489583186653e+00
6.758858858858858565e-02 1.506626254179960211e+00
6.854054054054053990e-02 1.530242059748668337e+00
6.949249249249248028e-02 1.553895004651599132e+00
7.044444444444443454e-02 1.577564738278264267e+00
7.139639639639638879e-02 1.601229428071399452e+00
7.234834834834834305e-02 1.624865738943732207e+00
7.330030030030029731e-02 1.648448826115180177e+00
7.425225225225225156e-02 1.671952342283131943e+00
7.520420420420419194e-02 1.695348459905366978e+00
7.615615615615614620e-02 1.718607909227521047e+00
7.710810810810810045e-02 1.741700032526157349e+00
7.806006006006005471e-02 1.764592854866382954e+00
7.901201201201200897e-02 1.787253171491444803e+00
7.996396396396396322e-02 1.809646651773027193e+00
8.091591591591590360e-02 1.831737959457278464e+00
8.186786786786785786e-02 1.853490888745397358e+00
8.281981981981981211e-02 1.874868515551292303e+00
8.377177177177176637e-02 1.895833363084975076e+00
8.472372372372372062e-02 1.916347580721471155e+00
8.567567567567567488e-02 1.936373134933676354e+00
8.662762762762761526e-02 1.955872010896147595e+00
8.757957957957956951e-02 1.974806423207800643e+00
8.853153153153152377e-02 1.993139034036968349e+00
8.948348348348347803e-02 2.010833176864533112e+00
9.043543543543543228e-02 2.027853083891638430e+00
9.138738738738738654e-02 2.044164115089634581e+00
9.233933933933932692e-02 2.059732986802751853e+00
9.329129129129128117e-02 2.074527997769852306e+00
9.424324324324323543e-02 2.088519250411291051e+00
9.519519519519518969e-02 2.101678865231070059e+00
9.614714714714714394e-02 2.113981186213435670e+00
9.709909909909908432e-02 2.125402975146795104e+00
9.805105105105103858e-02 2.135923592885989208e+00
9.900300300300299283e-02 2.145525165665958411e+00
9.995495495495494709e-02 2.154192734704609258e+00
1.009069069069069013e-01 2.161914387479145994e+00
1.018588588588588556e-01 2.168681369226465261e+00
1.028108108108107960e-01 2.174488173402948199e+00
1.037627627627627502e-01 2.179332610039633078e+00
1.047147147147147045e-01 2.183215851143487818e+00
1.056666666666666587e-01 2.186142452521366408e+00
1.066186186186186130e-01 2.188120351638049854e+00
1.075705705705705673e-01 2.189160841360310528e+00
1.085225225225225076e-01 2.189278519682738455e+00
1.094744744744744619e-01 2.188491215774907683e+00
1.104264264264264161e-01 2.186819892930583098e+00
1.113783783783783704e-01 2.184288529235051346e+00
1.123303303303303247e-01 2.180923976993548674e+00
1.132822822822822789e-01 2.176755802179313637e+00
1.142342342342342193e-01 2.171816105361386029e+00
1.151861861861861736e-01 2.166139325757629575e+00
1.161381381381381278e-01 2.159762030225015561e+00
1.170900900900900821e-01 2.152722689145326829e+00
1.180420420420420363e-01 2.145061441288004023e+00
1.189939939939939906e-01 2.136819849831736562e+00
1.199459459459459310e-01 2.128040651801173855e+00
1.208978978978978852e-01 2.118767503224031845e+00
1.218498498498498395e-01 2.109044722336513189e+00
1.228018018018017937e-01 2.098917033160911938e+00
1.237537537537537480e-01 2.088429311748920547e+00
1.247057057057056884e-01 2.077626337327907358e+00
1.256576576576576565e-01 2.066552550506058683e+00
1.266096096096095969e-01 2.055251820587042921e+00
1.275615615615615372e-01 2.043767223917088316e+00
1.285135135135135054e-01 2.032140835038919846e+00
1.294654654654654458e-01 2.020413532259659029e+00
1.304174174174174139e-01 2.008624819056082256e+00
1.313693693693693543e-01 1.996812662542627015e+00
1.323213213213213224e-01 1.985013350018115519e+00
1.332732732732732628e-01 1.973261364388827932e+00
1.342252252252252032e-01 1.961589279041279665e+00
1.351771771771771713e-01 1.950027672510632248e+00
1.361291291291291117e-01 1.938605063062942557e+00
1.370810810810810798e-01 1.927347863084452717e+00
1.380330330330330202e-01 1.916280352951455157e+00
1.389849849849849606e-01 1.905424673842850858e+00
1.399369369369369287e-01 1.894800838756754979e+00
1.408888888888888691e-01 1.884426760804941869e+00
1.418408408408408372e-01 1.874318297686725865e+00
1.427927927927927776e-01 1.864489311089028822e+00
1.437447447447447457e-01 1.854951739623649454e+00
1.446966966966966861e-01 1.845715683797591877e+00
1.456486486486486265e-01 1.836789501418879533e+00
1.466006006006005946e-01 1.828179911769495458e+00
1.475525525525525350e-01 1.819892106829431366e+00
1.485045045045045031e-01 1.811929867811611139e+00
1.494564564564564435e-01 1.804295685266547933e+00
1.504084084084083839e-01 1.796990881037574983e+00
1.513603603603603520e-01 1.790015730391746995e+00
1.523123123123122924e-01 1.783369582716905599e+00
1.532642642642642605e-01 1.777050979260794250e+00
1.542162162162162009e-01 1.771057766491829666e+00
1.551681681681681413e-01 1.765387203781538350e+00
1.561201201201201094e-01 1.760036064243689635e+00
1.570720720720720498e-01 1.755000727712667796e+00
1.580240240240240179e-01 1.750277265001357385e+00
1.589759759759759583e-01 1.745861512744335542e+00
1.599279279279279264e-01 1.741749138302993938e+00
1.608798798798798668e-01 1.737935694382836127e+00
1.618318318318318072e-01 1.734416663187114738e+00
1.627837837837837753e-01 1.731187490102632509e+00
1.637357357357357157e-01 1.728243607080608868e+00
1.646876876876876838e-01 1.725580446035579918e+00
1.656396396396396242e-01 1.723193442736282499e+00
1.665915915915915646e-01 1.721078031802242725e+00
1.675435435435435327e-01 1.719229633546616842e+00
1.684954954954954731e-01 1.717643633518034063e+00
1.694474474474474412e-01 1.716315355690388511e+00
1.703993993993993816e-01 1.715240030328699650e+00
1.713513513513513498e-01 1.714412757620270567e+00
1.723033033033032901e-01 1.713828468202990951e+00
1.732552552552552305e-01 1.713481881746430346e+00
1.742072072072071987e-01 1.713367464746228475e+00
1.751591591591591390e-01 1.713479388678605719e+00
1.761111111111111072e-01 1.713811489630043150e+00
1.770630630630630475e-01 1.714357230468111837e+00
1.780150150150149879e-01 1.715109666554150758e+00
1.789669669669669561e-01 1.716061415918213706e+00
1.799189189189188964e-01 1.717204634722947709e+00
1.808708708708708646e-01 1.718530998737430204e+00
1.818228228228228049e-01 1.720031691426368026e+00
1.827747747747747731e-01 1.721697399136286721e+00
1.837267267267267135e-01 1.723518313730562079e+00
1.846786786786786538e-01 1.725484142891307471e+00
1.856306306306306220e-01 1.727584128170574385e+00
1.865825825825825623e-01 1.729807070737942265e+00
1.875345345345345305e-01 1.732141364638671632e+00
1.884864864864864709e-01 1.734575037248044849e+00
1.894384384384384112e-01 1.737095796485410792e+00
1.903903903903903794e-01 1.739691084237453778e+00
1.913423423423423197e-01 1.742348135336126758e+00
1.922942942942942879e-01 1.745054041343949480e+00
1.932462462462462283e-01 1.747795818319312078e+00
1.941981981981981686e-01 1.750560477668133830e+00
1.951501501501501368e-01 1.753335099136602793e+00
1.961021021021020772e-01 1.756106904963374626e+00
1.970540540540540453e-01 1.758863334188982552e+00
1.980060060060059857e-01 1.761592116115400231e+00
1.989579579579579538e-01 1.764281341919690549e+00
1.999099099099098942e-01 1.766919533452038893e+00
2.008618618618618346e-01 1.769495708289780644e+00
2.018138138138138027e-01 1.771999440174310214e+00
2.027657657657657431e-01 1.774420914026220597e+00
2.037177177177177112e-01 1.776750974814311990e+00
2.046696696696696516e-01 1.778981169644955340e+00
2.056216216216215920e-01 1.781103782538174807e+00
2.065735735735735601e-01 1.783111861464107495e+00
2.075255255255255005e-01 1.784999237326420296e+00
2.084774774774774686e-01 1.786760534696167912e+00
2.094294294294294090e-01 1.788391174218402879e+00
2.103813813813813771e-01 1.789887366732993090e+00
2.113333333333333175e-01 1.791246099268520853e+00
2.122852852852852579e-01 1.792465113182221792e+00
2.132372372372372260e-01 1.793542874827779965e+00
2.141891891891891664e-01 1.794478539234985126e+00
2.151411411411411345e-01 1.795271907379130560e+00
2.160930930930930749e-01 1.795923377702328017e+00
2.170450450450450153e-01 1.796433892622400164e+00
2.179969969969969834e-01 1.796804880826690098e+00
2.189489489489489238e-01 1.797038196197165538e+00
2.199009009009008919e-01 1.797136054248978709e+00
2.208528528528528323e-01 1.797100966986814763e+00
2.218048048048047727e-01 1.796935677091621608e+00
2.227567567567567408e-01 1.796643092344848203e+00
2.237087087087086812e-01 1.796226221178203852e+00
2.246606606606606493e-01 1.795688110204790799e+00
2.256126126126125897e-01 1.795031784542772124e+00
2.265645645645645578e-01 1.794260191686479322e+00
2.275165165165164982e-01 1.793376149612915471e+00
2.284684684684684386e-01 1.792382299735271189e+00
2.294204204204204067e-01 1.791281065230520220e+00
2.303723723723723471e-01 1.790074615176892925e+00
2.313243243243243152e-01 1.788764834840491869e+00
2.322762762762762556e-01 1.787353302350105144e+00
2.332282282282281960e-01 1.785841271897001814e+00
2.341801801801801641e-01 1.784229663493737350e+00
2.351321321321321045e-01 1.782519059224443314e+00
2.360840840840840726e-01 1.780709705820207489e+00
2.370360360360360130e-01 1.778801523298563447e+00
2.379879879879879812e-01 1.776794119317203879e+00
2.389399399399399215e-01 1.774686808810062022e+00
2.398918918918918619e-01 1.772478638400234452e+00
2.408438438438438300e-01 1.770168415019723884e+00
2.417957957957957704e-01 1.767754738111669832e+00
2.427477477477477386e-01 1.765236034747303950e+00
2.436996996996996789e-01 1.762610596957851383e+00
2.446516516516516193e-01 1.759876620561376503e+00
2.456036036036035874e-01 1.757032244756270289e+00
2.465555555555555278e-01 1.754075591756730335e+00
2.475075075075074960e-01 1.751004805760926208e+00
2.484594594594594363e-01 1.747818090569150051e+00
2.494114114114113767e-01 1.744513745206675015e+00
2.503633633633633448e-01 1.741090196953321456e+00
2.513153153153153130e-01 1.737546031238212718e+00
2.522672672672672256e-01 1.733880017922641237e+00
2.532192192192191937e-01 1.730091133565361705e+00
2.541711711711711619e-01 1.726178579341652641e+00
2.551231231231230745e-01 1.722141794368824419e+00
2.560750750750750426e-01 1.717980464275159935e+00
2.570270270270270108e-01 1.713694524935073238e+00
2.579789789789789789e-01 1.709284161379179379e+00
2.589309309309308915e-01 1.704749801972585299e+00
2.598828828828828597e-01 1.700092108036593386e+00
2.608348348348348278e-01 1.695311959166933891e+00
2.617867867867867404e-01 1.690410434574265874e+00
2.627387387387387085e-01 1.685388790839001283e+00
2.636906906906906767e-01 1.680248436531309952e+00
2.646426426426426448e-01 1.674990904197776187e+00
2.655945945945945574e-01 1.669617820257644381e+00
2.665465465465465256e-01 1.664130873383494080e+00
2.674984984984984937e-01 1.658531781962976126e+00
2.684504504504504063e-01 1.652822261249740077e+00
2.694024024024023745e-01 1.647003990812764496e+00
2.703543543543543426e-01 1.641078582884080372e+00
2.713063063063063107e-01 1.635047552185605602e+00
2.722582582582582233e-01 1.628912287786884683e+00
2.732102102102101915e-01 1.622674027507618799e+00
2.741621621621621596e-01 1.616333835332552704e+00
2.751141141141140722e-01 1.609892582252582915e+00
2.760660660660660404e-01 1.603350930885727887e+00
2.770180180180180085e-01 1.596709324165958011e+00
2.779699699699699211e-01 1.589967978318000741e+00
2.789219219219218893e-01 1.583126880263314495e+00
2.798738738738738574e-01 1.576185789527711156e+00
2.808258258258258255e-01 1.569144244645905628e+00
2.817777777777777382e-01 1.562001573983848868e+00
2.827297297297297063e-01 1.554756910827286065e+00
2.836816816816816744e-01 1.547409212515846733e+00
2.846336336336335870e-01 1.539957283337178628e+00
2.855855855855855552e-01 1.532399800836335091e+00
2.865375375375375233e-01 1.524735345142702592e+00
2.874894894894894914e-01 1.516962430871104717e+00
2.884414414414414041e-01 1.509079541116062462e+00
2.893933933933933722e-01 1.501085163029046488e+00
2.903453453453453403e-01 1.492977824448450397e+00
2.912972972972972530e-01 1.484756131041105265e+00
2.922492492492492211e-01 1.476418803412635761e+00
2.932012012012011892e-01 1.467964713651795705e+00
2.941531531531531019e-01 1.459392920790731463e+00
2.951051051051050700e-01 1.450702704688826117e+00
2.960570570570570381e-01 1.441893597881584776e+00
2.970090090090090063e-01 1.432965414977439345e+00
2.979609609609609189e-01 1.423918279233542972e+00
2.989129129129128870e-01 1.414752645995690061e+00
2.998648648648648551e-01 1.405469322746479621e+00
3.008168168168167678e-01 1.396069485568549595e+00
3.017687687687687359e-01 1.386554691895198532e+00
3.027207207207207040e-01 1.376926889487576799e+00
3.036726726726726722e-01 1.367188421644809360e+00
3.046246246246245848e-01 1.357342028719660032e+00
3.055765765765765529e-01 1.347390846076431892e+00
3.065285285285285211e-01 1.337338398688625807e+00
3.074804804804804337e-01 1.327188592630290431e+00
3.084324324324324018e-01 1.316945703766034592e+00
3.093843843843843699e-01 1.306614363989368810e+00
3.103363363363362826e-01 1.296199545396607089e+00
3.112882882882882507e-01 1.285706542813282116e+00
3.122402402402402188e-01 1.275140955111411234e+00
3.131921921921921870e-01 1.264508665768499629e+00
3.141441441441440996e-01 1.253815823122733875e+00
3.150960960960960677e-01 1.243068820773231886e+00
3.160480480480480359e-01 1.232274278559603697e+00
3.169999999999999485e-01 1.221439024531614237e+00
3.179519519519519166e-01 1.210570078287880991e+00
3.189039039039038848e-01 1.199674636022750818e+00
3.198558558558558529e-01 1.188760057573539974e+00
3.208078078078077655e-01 1.177833855706937216e+00
3.217597597597597336e-01 1.166903687824526692e+00
3.227117117117117018e-01 1.155977350204158149e+00
3.236636636636636144e-01 1.145062774827303009e+00
3.246156156156155825e-01 1.134168028773899328e+00
3.255675675675675507e-01 1.123301316096669611e+00
3.265195195195195188e-01 1.112470982017756960e+00
3.274714714714714314e-01 1.101685519223141618e+00
3.284234234234233996e-01 1.090953575965786904e+00
3.293753753753753677e-01 1.080283965628199949e+00
3.303273273273272803e-01 1.069685677340137531e+00
3.312792792792792484e-01 1.059167887198668279e+00
3.322312312312312166e-01 1.048739969596802935e+00
3.331831831831831292e-01 1.038411508134108319e+00
3.341351351351350973e-01 1.028192305559142872e+00
3.350870870870870655e-01 1.018092392179598793e+00
3.360390390390390336e-01 1.008122032172248383e+00
3.369909909909909462e-01 9.982917272315073864e-01
3.379429429429429144e-01 9.886122170126820929e-01
3.388948948948948825e-01 9.790944758537926118e-01
3.398468468468467951e-01 9.697497052979644483e-01
3.407987987987987633e-01 9.605893219864624077e-01
3.417507507507507314e-01 9.516249405497976266e-01
3.427027027027026995e-01 9.428683511903812597e-01
3.436546546546546121e-01 9.343314917239574635e-01
3.446066066066065803e-01 9.260264139275267148e-01
3.455585585585585484e-01 9.179652441275616415e-01
3.465105105105104610e-01 9.101601380526791463e-01
3.474624624624624292e-01 9.026232300683424414e-01
3.484144144144143973e-01 8.953665770061062235e-01
3.493663663663663099e-01 8.884020968949561947e-01
3.503183183183182781e-01 8.817415029960068429e-01
3.512702702702702462e-01 8.753962336326361893e-01
3.522222222222222143e-01 8.693773783945666356e-01
3.531741741741741270e-01 8.636956013752022931e-01
3.541261261261260951e-01 8.583610621750563663e-01
3.550780780780780632e-01 8.533833354693457496e-01
3.560300300300299758e-01 8.487713299934664946e-01
3.569819819819819440e-01 8.445332078451029956e-01
3.579339339339339121e-01 8.406763050353119882e-01
3.588858858858858802e-01 8.372070542422334061e-01
3.598378378378377929e-01 8.341309107296622782e-01
3.607897897897897610e-01 8.314522823881166369e-01
3.617417417417417291e-01 8.291744648380718896e-01
3.626936936936936418e-01 8.272995825037779971e-01
3.636456456456456099e-01 8.258285365216189167e-01
3.645975975975975780e-01 8.247609602898305914e-01
3.655495495495495462e-01 8.240951833970918683e-01
3.665015015015014588e-01 8.238282045868035031e-01
3.674534534534534269e-01 8.239556743227773872e-01
3.684054054054053950e-01 8.244718874216317994e-01
3.693573573573573077e-01 8.253697861087312404e-01
3.703093093093092758e-01 8.266409737393255464e-01
3.712612612612612439e-01 8.282757393062898377e-01
3.722132132132131566e-01 8.302630927318898069e-01
3.731651651651651247e-01 8.325908108152206832e-01
3.741171171171170928e-01 8.352454935808629743e-01
3.750690690690690610e-01 8.382126306496849866e-01
3.760210210210209736e-01 8.414766771313161309e-01
3.769729729729729417e-01 8.450211384212387156e-01
3.779249249249249099e-01 8.488286631753186873e-01
3.788768768768768225e-01 8.528811436325566264e-01
3.798288288288287906e-01 8.571598223641631042e-01
3.807807807807807587e-01 8.616454044451935523e-01
3.817327327327327269e-01 8.663181739750670518e-01
3.826846846846846395e-01 8.711581138162588500e-01
3.836366366366366076e-01 8.761450273772760644e-01
3.845885885885885758e-01 8.812586612372237393e-01
3.855405405405404884e-01 8.864788273953658759e-01
3.864924924924924565e-01 8.917855239303177362e-01
3.874444444444444247e-01 8.971590528698406564e-01
3.883963963963963373e-01 9.025801341036279180e-01
3.893483483483483054e-01 9.080300142173850508e-01
3.903003003003002735e-01 9.134905691865079502e-01
3.912522522522522417e-01 9.189443999408927199e-01
3.922042042042041543e-01 9.243749198978946646e-01
3.931561561561561224e-01 9.297664336571075383e-01
3.941081081081080906e-01 9.351042061571321895e-01
3.950600600600600032e-01 9.403745217094484632e-01
3.960120120120119713e-01 9.455647324463403169e-01
3.969639639639639395e-01 9.506632958469184436e-01
3.979159159159159076e-01 9.556598011359835887e-01
3.988678678678678202e-01 9.605449844829393458e-01
3.998198198198197884e-01 9.653107330605269487e-01
4.007717717717717565e-01 9.699500781539749372e-01
4.017237237237236691e-01 9.744571776385644313e-01
4.026756756756756372e-01 9.788272882658362040e-01
4.036276276276276054e-01 9.830567283142411794e-01
4.045795795795795180e-01 9.871428312672948513e-01
4.055315315315314861e-01 9.910838912800072897e-01
4.064834834834834543e-01 9.948791012811772916e-01
4.074354354354354224e-01 9.985284846340299891e-01
4.083873873873873350e-01 1.002032821339730040e+00
4.093393393393393032e-01 1.005393569816747545e+00
4.102912912912912713e-01 1.008612785323431904e+00
4.112432432432431839e-01 1.011693036111037003e+00
4.121951951951951520e-01 1.014637318399814525e+00
4.131471471471471202e-01 1.017448971261622148e+00
4.140990990990990883e-01 1.020131592469156301e+00
4.150510510510510009e-01 1.022688956334804278e+00
4.160030030030029691e-01 1.025124934511978836e+00
4.169549549549549372e-01 1.027443420669392538e+00
4.179069069069068498e-01 1.029648259875155070e+00
4.188588588588588180e-01 1.031743183443910139e+00
4.198108108108107861e-01 1.033731749907837782e+00
4.207627627627627542e-01 1.035617292672561085e+00
4.217147147147146669e-01 1.037402874813381670e+00
4.226666666666666350e-01 1.039091251357298740e+00
4.236186186186186031e-01 1.040684839283644747e+00
4.245705705705705157e-01 1.042185695362463527e+00
4.255225225225224839e-01 1.043595501836573014e+00
4.264744744744744520e-01 1.044915559842281683e+00
4.274264264264263646e-01 1.046146790356398570e+00
4.283783783783783328e-01 1.047289742355078213e+00
4.293303303303303009e-01 1.048344607774459147e+00
4.302822822822822690e-01 1.049311242775386566e+00
4.312342342342341817e-01 1.050189194735722253e+00
4.321861861861861498e-01 1.050977734325055257e+00
4.331381381381381179e-01 1.051675891958672393e+00
4.340900900900900306e-01 1.052282497881233514e+00
4.350420420420419987e-01 1.052796225096177762e+00
4.359939939939939668e-01 1.053215634334729200e+00
4.369459459459459350e-01 1.053539220248699060e+00
4.378978978978978476e-01 1.053765458013914413e+00
4.388498498498498157e-01 1.053892849545930765e+00
4.398018018018017838e-01 1.053919968556138897e+00
4.407537537537536965e-01 1.053845503714038179e+00
4.417057057057056646e-01 1.053668299229389760e+00
4.426576576576576327e-01 1.053387392225471286e+00
4.436096096096095454e-01 1.053002046340539843e+00
4.445615615615615135e-01 1.052511781067885233e+00
4.455135135135134816e-01 1.051916396424182665e+00
4.464654654654654498e-01 1.051215992619987327e+00
4.474174174174173624e-01 1.050410984493757471e+00
4.483693693693693305e-01 1.049502110560392554e+00
4.493213213213212986e-01 1.048490436615476140e+00
4.502732732732732113e-01 1.047377353925877941e+00
4.512252252252251794e-01 1.046164572124667735e+00
4.521771771771771475e-01 1.044854107012167743e+00
4.531291291291291157e-01 1.043448263544147769e+00
4.540810810810810283e-01 1.041949614361509013e+00
4.550330330330329964e-01 1.040360974282217299e+00
4.559849849849849646e-01 1.038685371234899346e+00
4.569369369369368772e-01 1.036926014163487508e+00
4.578888888888888453e-01 1.035086258473047582e+00
4.588408408408408135e-01 1.033169569617898409e+00
4.597927927927927261e-01 1.031179485453981748e+00
4.607447447447446942e-01 1.029119577988039547e+00
4.616966966966966623e-01 1.026993415156415512e+00
4.626486486486486305e-01 1.024804523256463540e+00
4.636006006006005431e-01 1.022556350633770927e+00
4.645525525525525112e-01 1.020252233199331782e+00
4.655045045045044794e-01 1.017895362312866148e+00
4.664564564564563920e-01 1.015488755522456321e+00
4.674084084084083601e-01 1.013035230597480574e+00
4.683603603603603283e-01 1.010537383232246844e+00
4.693123123123122964e-01 1.007997568732987403e+00
4.702642642642642090e-01 1.005417887931916887e+00
4.712162162162161771e-01 1.002800177500158929e+00
4.721681681681681453e-01 1.000146004757555440e+00
4.731201201201200579e-01 9.974566670031103088e-01
4.740720720720720260e-01 9.947331953160025719e-01
4.750240240240239942e-01 9.919763627051925159e-01
4.759759759759759623e-01 9.891866964165063614e-01
4.769279279279278749e-01 9.863644941410590894e-01
4.778798798798798431e-01 9.835098438086626871e-01
4.788318318318318112e-01 9.806226465956932037e-01
4.797837837837837238e-01 9.777026427292241362e-01
4.807357357357356920e-01 9.747494396290964369e-01
4.816876876876876601e-01 9.717625418972263285e-01
4.826396396396395727e-01 9.687413826395376848e-01
4.835915915915915408e-01 9.656853555905665631e-01
4.845435435435435090e-01 9.625938475042471465e-01
4.854954954954954771e-01 9.594662702766165729e-01
4.864474474474473897e-01 9.563020922770723020e-01
4.873993993993993579e-01 9.531008683840332951e-01
4.883513513513513260e-01 9.498622682481089319e-01
4.893033033033032386e-01 9.465861023404460450e-01
4.902552552552552068e-01 9.432723453854156004e-01
4.912072072072071749e-01 9.399211568241780945e-01
4.921591591591591430e-01 9.365328980083711397e-01
4.931111111111110556e-01 9.331081458800430939e-01
4.940630630630630238e-01 9.296477029542292714e-01
4.950150150150149919e-01 9.261526034830870335e-01
4.959669669669669045e-01 9.226241157442754970e-01
4.969189189189188727e-01 9.190637404602759464e-01
4.978708708708708408e-01 9.154732054184659962e-01
4.988228228228227534e-01 9.118544564230312011e-01
4.997747747747747216e-01 9.082096447682200813e-01
5.007267267267266897e-01 9.045411114771085836e-01
5.016786786786786578e-01 9.008513686000513276e-01
5.026306306306306260e-01 8.971430779116259524e-01
5.035825825825825941e-01 8.934190273834545781e-01
5.045345345345344512e-01 8.896821058421912065e-01
5.054864864864864193e-01 8.859352762467873621e-01
5.064384384384383875e-01 8.821815480365841067e-01
5.073903903903903556e-01 8.784239490114816862e-01
5.083423423423423237e-01 8.746654972075326162e-01
5.092942942942942919e-01 8.709091732256214469e-01
5.102462462462461490e-01 8.671578934577778286e-01
5.111981981981981171e-01 8.634144846352667102e-01
5.121501501501500853e-01 8.596816600954594323e-01
5.131021021021020534e-01 8.559619981309667391e-01
5.140540540540540215e-01 8.522579227453912498e-01
5.150060060060059897e-01 8.485716870958943669e-01
5.159579579579579578e-01 8.449053598544196131e-01
5.169099099099098149e-01 8.412608146677242882e-01
5.178618618618617830e-01 8.376397228421450514e-01
5.188138138138137512e-01 8.340435493233335773e-01
5.197657657657657193e-01 8.304735519847806779e-01
5.207177177177176874e-01 8.269307841829622863e-01
5.216696696696696556e-01 8.234161004821625163e-01
5.226216216216216237e-01 8.199301653993776862e-01
5.235735735735734808e-01 8.164734649701718139e-01
5.245255255255254490e-01 8.130463208904940009e-01
5.254774774774774171e-01 8.096489069483185919e-01
5.264294294294293852e-01 8.062812674228697629e-01
5.273813813813813534e-01 8.029433370989607077e-01
5.283333333333333215e-01 7.996349625199383748e-01
5.292852852852852896e-01 7.963559240852114973e-01
5.302372372372371467e-01 7.931059585877434648e-01
5.311891891891891149e-01 7.898847817831395890e-01
5.321411411411410830e-01 7.866921105852476837e-01
5.330930930930930511e-01 7.835276844932629325e-01
5.340450450450450193e-01 7.803912858721026025e-01
5.349969969969969874e-01 7.772827587308454023e-01
5.359489489489489555e-01 7.742020256729634786e-01
5.369009009009008127e-01 7.711491027263882581e-01
5.378528528528527808e-01 7.681241118004322743e-01
5.388048048048047489e-01 7.651272905597513718e-01
5.397567567567567171e-01 7.621589995518683880e-01
5.407087087087086852e-01 7.592197264737424733e-01
5.416606606606606533e-01 7.563100875134479706e-01
5.426126126126126215e-01 7.534308257544063414e-01
5.435645645645644786e-01 7.505828066810119603e-01
5.445165165165164467e-01 7.477670108748702971e-01
5.454684684684684148e-01 7.449845240395959189e-01
5.464204204204203830e-01 7.422365245381653542e-01
5.473723723723723511e-01 7.395242686696171797e-01
5.483243243243243192e-01 7.368490739506131648e-01
5.492762762762761763e-01 7.342123007014271785e-01
5.502282282282281445e-01 7.316153322647708235e-01
5.511801801801801126e-01 7.290595542090114733e-01
5.521321321321320807e-01 7.265463328844402602e-01
5.530840840840840489e-01 7.240769937120364874e-01
5.540360360360360170e-01 7.216527995885034796e-01
5.549879879879879852e-01 7.192749297891163351e-01
5.559399399399398423e-01 7.169444597413139331e-01
5.568918918918918104e-01 7.146623420269745397e-01
5.578438438438437785e-01 7.124293889503727772e-01
5.587957957957957467e-01 7.102462569821901273e-01
5.597477477477477148e-01 7.081134333581596829e-01
5.606996996996996829e-01 7.060312250744835705e-01
5.616516516516516511e-01 7.039997504817284701e-01
5.626036036036035082e-01 7.020189336351150278e-01
5.635555555555554763e-01 7.000885015127774613e-01
5.645075075075074444e-01 6.982079841654063035e-01
5.654594594594594126e-01 6.963767178115345402e-01
5.664114114114113807e-01 6.945938508434003067e-01
5.673633633633633488e-01 6.928583526596603370e-01
5.683153153153153170e-01 6.911690251939981433e-01
5.692672672672671741e-01 6.895245169637168603e-01
5.702192192192191422e-01 6.879233394204171681e-01
5.711711711711711104e-01 6.863638853465628964e-01
5.721231231231230785e-01 6.848444490077301161e-01
5.730750750750750466e-01 6.833632477412034945e-01
5.740270270270270148e-01 6.819184446377947184e-01
5.749789789789789829e-01 6.805081719556430597e-01
5.759309309309308400e-01 6.791305548927305535e-01
5.768828828828828081e-01 6.777837353389010167e-01
5.778348348348347763e-01 6.764658952286353166e-01
5.787867867867867444e-01 6.751752791224243655e-01
5.797387387387387125e-01 6.739102156574277025e-01
5.806906906906906807e-01 6.726691375267686013e-01
5.816426426426425378e-01 6.714505996711360725e-01
5.825945945945945059e-01 6.702532953958192374e-01
5.835465465465464741e-01 6.690760701604571148e-01
5.844984984984984422e-01 6.679179328270505867e-01
5.854504504504504103e-01 6.667780641934926145e-01
5.864024024024023785e-01 6.656558226843858339e-01
5.873543543543543466e-01 6.645507471174333380e-01
5.883063063063062037e-01 6.634625565114776746e-01
5.892582582582581718e-01 6.623911469505205929e-01
5.902102102102101400e-01 6.613365855659889547e-01
5.911621621621621081e-01 6.602991017463077927e-01
5.921141141141140762e-01 6.592790757278066405e-01
5.930660660660660444e-01 6.582770247632383498e-01
5.940180180180180125e-01 6.572935871032405952e-01
5.949699699699698696e-01 6.563295040610732656e-01
5.959219219219218378e-01 6.553856004615278286e-01
5.968738738738738059e-01 6.544627638004039127e-01
5.978258258258257740e-01 6.535619224610731415e-01
5.987777777777777422e-01 6.526840233490147636e-01
5.997297297297297103e-01 6.518300093136137896e-01
6.006816816816816784e-01 6.510007967288481412e-01
6.016336336336335355e-01 6.501972536006900283e-01
6.025855855855855037e-01 6.494201785592699228e-01
6.035375375375374718e-01 6.486702810781244111e-01
6.044894894894894399e-01 6.479481632416507209e-01
6.054414414414414081e-01 6.472543033553589398e-01
6.063933933933933762e-01 6.465890416623094605e-01
6.073453453453453443e-01 6.459525683935772866e-01
6.082972972972972014e-01 6.453449143414614619e-01
6.092492492492491696e-01 6.447659441020061610e-01
6.102012012012011377e-01 6.442153520889167817e-01
6.111531531531531058e-01 6.436926613749983650e-01
6.121051051051050740e-01 6.431972253703814868e-01
6.130570570570570421e-01 6.427282323000247377e-01
6.140090090090090102e-01 6.422847123968464800e-01
6.149609609609608674e-01 6.418655476823228456e-01
6.159129129129128355e-01 6.414694841640022904e-01
6.168648648648648036e-01 6.410951462400197309e-01
6.178168168168167718e-01 6.407410530648590674e-01
6.187687687687687399e-01 6.404056365989214683e-01
6.197207207207207080e-01 6.400872610375245575e-01
6.206726726726725651e-01 6.397842432929846668e-01
6.216246246246245333e-01 6.394948741871034903e-01
6.225765765765765014e-01 6.392174400005856683e-01
6.235285285285284695e-01 6.389502440211514145e-01
6.244804804804804377e-01 6.386916277331904368e-01
6.254324324324324058e-01 6.384399912988704129e-01
6.263843843843843739e-01 6.381938129934208170e-01
6.273363363363362311e-01 6.379516672757236107e-01
6.282882882882881992e-01 6.377122411989857298e-01
6.292402402402401673e-01 6.374743488947389736e-01
6.301921921921921355e-01 6.372369438962913746e-01
6.311441441441441036e-01 6.369991291044129200e-01
6.320960960960960717e-01 6.367601642378977189e-01
6.330480480480480399e-01 6.365194706540532321e-01
6.339999999999998970e-01 6.362766334683855884e-01
6.349519519519518651e-01 6.360314009480501074e-01
6.359039039039038332e-01 6.357836811992978454e-01
6.368558558558558014e-01 6.355335362143519351e-01
6.378078078078077695e-01 6.352811733872131272e-01
6.387597597597597376e-01 6.350269346500188039e-01
6.397117117117117058e-01 6.347712834211669541e-01
6.406636636636635629e-01 6.345147895926686044e-01
6.416156156156155310e-01 6.342581128166921989e-01
6.425675675675674992e-01 6.340019843793038845e-01
6.435195195195194673e-01 6.337471879726461754e-01
6.444714714714714354e-01 6.334945396948162832e-01
6.454234234234234036e-01 6.332448676191859693e-01
6.463753753753753717e-01 6.329989912817077791e-01
6.473273273273272288e-01 6.327577014356882135e-01
6.482792792792791969e-01 6.325217404186673775e-01
6.492312312312311651e-01 6.322917834654186997e-01
6.501831831831831332e-01 6.320684212849002614e-01
6.511351351351351013e-01 6.318521441975543107e-01
6.520870870870870695e-01 6.316433281029359970e-01
6.530390390390390376e-01 6.314422225167986014e-01
6.539909909909908947e-01 6.312489408819054182e-01
6.549429429429428628e-01 6.310634533186221251e-01
6.558948948948948310e-01 6.308855819403559329e-01
6.568468468468467991e-01 6.307149988158550213e-01
6.577987987987987673e-01 6.305512266159856161e-01
6.587507507507507354e-01 6.303936419375935074e-01
6.597027027027025925e-01 6.302414812521542897e-01
6.606546546546545606e-01 6.300938493829179032e-01
6.616066066066065288e-01 6.299497303718659680e-01
6.625585585585584969e-01 6.298080005576802698e-01
6.635105105105104650e-01 6.296674436488276516e-01
6.644624624624624332e-01 6.295267675423376064e-01
6.654144144144144013e-01 6.293846226094436114e-01
6.663663663663662584e-01 6.292396211445411280e-01
6.673183183183182265e-01 6.290903576541752029e-01
6.682702702702701947e-01 6.289354296484381823e-01
6.692222222222221628e-01 6.287734585884237060e-01
6.701741741741741309e-01 6.286031106403711100e-01
6.711261261261260991e-01 6.284231168899733211e-01
6.720780780780780672e-01 6.282322926788395101e-01
6.730300300300299243e-01 6.280295557393197337e-01
6.739819819819818925e-01 6.278139428233988628e-01
6.749339339339338606e-01 6.275846245460102724e-01
6.758858858858858287e-01 6.273409181923224054e-01
6.768378378378377969e-01 6.270822982720094529e-01
6.777897897897897650e-01 6.268084046404852616e-01
6.787417417417417331e-01 6.265190480471574119e-01
6.796936936936935902e-01 6.262142130130686768e-01
6.806456456456455584e-01 6.258940579843240704e-01
6.815975975975975265e-01 6.255589127525976734e-01
6.825495495495494946e-01 6.252092731790872548e-01
6.835015015015014628e-01 6.248457933028208622e-01
6.844534534534534309e-01 6.244692749573373947e-01
6.854054054054053990e-01 6.240806550610393799e-01
6.863573573573572562e-01 6.236809907848542833e-01
6.873093093093092243e-01 6.232714428360616177e-01
6.882612612612611924e-01 6.228532571282666686e-01
6.892132132132131606e-01 6.224277451342954404e-01
6.901651651651651287e-01 6.219962632406392800e-01
6.911171171171170968e-01 6.215601914386947868e-01
6.920690690690690650e-01 6.211209116991872614e-01
6.930210210210209221e-01 6.206797863814916827e-01
6.939729729729728902e-01 6.202381370292459062e-01
6.949249249249248583e-01 6.197972238973745718e-01
6.958768768768768265e-01 6.193582265438261070e-01
6.968288288288287946e-01 6.189222258018571843e-01
6.977807807807807627e-01 6.184901874261782284e-01
6.987327327327326199e-01 6.180629476787654619e-01
6.996846846846845880e-01 6.176412010883252091e-01
7.006366366366365561e-01 6.172254905817137205e-01
7.015885885885885243e-01 6.168162001465782307e-01
7.025405405405404924e-01 6.164135501429247599e-01
7.034924924924924605e-01 6.160175953376809677e-01
7.044444444444444287e-01 6.156282256915558415e-01
7.053963963963962858e-01 6.152451698821624904e-01
7.063483483483482539e-01 6.148680015023564316e-01
7.073003003003002220e-01 6.144961478286369294e-01
7.082522522522521902e-01 6.141289010121744329e-01
7.092042042042041583e-01 6.137654315050870002e-01
7.101561561561561264e-01 6.134048034977997998e-01
7.111081081081080946e-01 6.130459921101421017e-01
7.120600600600599517e-01 6.126879020500033413e-01
7.130120120120119198e-01 6.123293874291521055e-01
7.139639639639638879e-01 6.119692724068102052e-01
7.149159159159158561e-01 6.116063723179381295e-01
7.158678678678678242e-01 6.112395149352615187e-01
7.168198198198197924e-01 6.108675615119185665e-01
7.177717717717717605e-01 6.104894272552836565e-01
7.187237237237236176e-01 6.101041008920460307e-01
7.196756756756755857e-01 6.097106629996349447e-01
7.206276276276275539e-01 6.093083027996514245e-01
7.215795795795795220e-01 6.088963331344161567e-01
7.225315315315314901e-01 6.084742033779235726e-01
7.234834834834834583e-01 6.080415100667520001e-01
7.244354354354354264e-01 6.075980050742969540e-01
7.253873873873872835e-01 6.071436011925240850e-01
7.263393393393392516e-01 6.066783750283896159e-01
7.272912912912912198e-01 6.062025671667707893e-01
7.282432432432431879e-01 6.057165795970773647e-01
7.291951951951951560e-01 6.052209704462678808e-01
7.301471471471471242e-01 6.047164461057252804e-01
7.310990990990990923e-01 6.042038508828788679e-01
7.320510510510509494e-01 6.036841543496225260e-01
7.330030030030029176e-01 6.031584365979995033e-01
7.339549549549548857e-01 6.026278716485372611e-01
7.349069069069068538e-01 6.020937092874504293e-01
7.358588588588588220e-01 6.015572556352715150e-01
7.368108108108107901e-01 6.010198527707026894e-01
7.377627627627626472e-01 6.004828577494442099e-01
7.387147147147146153e-01 5.999476213680035031e-01
7.396666666666665835e-01 5.994154670269868923e-01
7.406186186186185516e-01 5.988876700469280001e-01
7.415705705705705197e-01 5.983654377824204618e-01
7.425225225225224879e-01 5.978498908672572609e-01
7.434744744744744560e-01 5.973420459046564490e-01
7.444264264264263131e-01 5.968427998927999800e-01
7.453783783783782813e-01 5.963529166471615017e-01
7.463303303303302494e-01 5.958730154480018637e-01
7.472822822822822175e-01 5.954035621044292403e-01
7.482342342342341857e-01 5.949448625862140405e-01
7.491861861861861538e-01 5.944970593317703278e-01
7.501381381381381219e-01 5.940601302960539787e-01
7.510900900900899790e-01 5.936338907563413203e-01
7.520420420420419472e-01 5.932179978477011284e-01
7.529939939939939153e-01 5.928119577541929308e-01
7.539459459459458834e-01 5.924151354372207967e-01
7.548978978978978516e-01 5.920267667397478561e-01
7.558498498498498197e-01 5.916459726649820894e-01
7.568018018018017878e-01 5.912717755913050599e-01
7.577537537537536450e-01 5.909031171522947101e-01
7.587057057057056131e-01 5.905388774822235565e-01
7.596576576576575812e-01 5.901778955038740060e-01
7.606096096096095494e-01 5.898189899173011952e-01
7.615615615615615175e-01 5.894609805356538779e-01
7.625135135135134856e-01 5.891027096074399338e-01
7.634654654654654538e-01 5.887430627639868019e-01
7.644174174174173109e-01 5.883809892361453464e-01
7.653693693693692790e-01 5.880155209955846285e-01
7.663213213213212471e-01 5.876457904930801890e-01
7.672732732732732153e-01 5.872710466887371972e-01
7.682252252252251834e-01 5.868906690968054285e-01
7.691771771771771515e-01 5.865041796001139174e-01
7.701291291291290086e-01 5.861112518257303172e-01
7.710810810810809768e-01 5.857117179135634677e-01
7.720330330330329449e-01 5.853055725526830066e-01
7.729849849849849130e-01 5.848929742053854408e-01
7.739369369369368812e-01 5.844742434857381763e-01
7.748888888888888493e-01 5.840498587067743941e-01
7.758408408408408174e-01 5.836204486577870609e-01
7.767927927927926746e-01 5.831867827196502985e-01
7.777447447447446427e-01 5.827497584708629663e-01
7.786966966966966108e-01 5.823103869794096221e-01
7.796486486486485790e-01 5.818697760148126008e-01
7.806006006006005471e-01 5.814291114502841973e-01
7.815525525525525152e-01 5.809896371560030470e-01
7.825045045045044834e-01 5.805526337108304347e-01
7.834564564564563405e-01 5.801193962806451276e-01
7.844084084084083086e-01 5.796912120267123658e-01
7.853603603603602767e-01 5.792693374166697495e-01
7.863123123123122449e-01 5.788549758138195056e-01
7.872642642642642130e-01 5.784492557172313809e-01
7.882162162162161811e-01 5.780532100158276565e-01
7.891681681681681493e-01 5.776677566042178746e-01
7.901201201201200064e-01 5.772936806868412818e-01
7.910720720720719745e-01 5.769316190702685754e-01
7.920240240240239427e-01 5.765820467117545034e-01
7.929759759759759108e-01 5.762452657558241320e-01
7.939279279279278789e-01 5.759213972503883783e-01
7.948798798798798471e-01 5.756103756903075963e-01
7.958318318318318152e-01 5.753119464901103042e-01
7.967837837837836723e-01 5.750256664395670958e-01
7.977357357357356404e-01 5.747509071466859742e-01
7.986876876876876086e-01 5.744868614233935578e-01
7.996396396396395767e-01 5.742325525203667569e-01
8.005915915915915448e-01 5.739868460700819908e-01
8.015435435435435130e-01 5.737484645519469462e-01
8.024954954954954811e-01 5.735160040510192125e-01
8.034474474474473382e-01 5.732879530432023474e-01
8.043993993993993064e-01 5.730627129053592617e-01
8.053513513513512745e-01 5.728386198193151646e-01
8.063033033033032426e-01 5.726139677145307694e-01
8.072552552552552108e-01 5.723870318759149978e-01
8.082072072072071789e-01 5.721560928309958882e-01
8.091591591591590360e-01 5.719194601247848952e-01
8.101111111111110041e-01 5.716754955912647373e-01
8.110630630630629723e-01 5.714226357374727616e-01
8.120150150150149404e-01 5.711594128696076966e-01
8.129669669669669085e-01 5.708844746102468282e-01
8.139189189189188767e-01 5.705966014812291487e-01
8.148708708708708448e-01 5.702947222578430564e-01
8.158228228228227019e-01 5.699779268359042028e-01
8.167747747747746700e-01 5.696454763937701671e-01
8.177267267267266382e-01 5.692968106755053048e-01
8.186786786786786063e-01 5.689315522686698712e-01
8.196306306306305745e-01 5.685495077997034796e-01
8.205825825825825426e-01 5.681506660208608395e-01
8.215345345345345107e-01 5.677351928142936321e-01
8.224864864864863678e-01 5.673034231902035485e-01
8.234384384384383360e-01 5.668558504063556658e-01
8.243903903903903041e-01 5.663931123845892257e-01
8.253423423423422722e-01 5.659159756456444423e-01
8.262942942942942404e-01 5.654253170257732553e-01
8.272462462462462085e-01 5.649221034765571359e-01
8.281981981981981766e-01 5.644073702824506933e-01
8.291501501501500337e-01 5.638821980581959492e-01
8.301021021021020019e-01 5.633476889100288432e-01
8.310540540540539700e-01 5.628049421599919944e-01
8.320060060060059381e-01 5.622550300415382063e-01
8.329579579579579063e-01 5.616989737766532320e-01
8.339099099099098744e-01 5.611377204399676799e-01
8.348618618618618425e-01 5.605721210037704072e-01
8.358138138138136997e-01 5.600029099396175436e-01
8.367657657657656678e-01 5.594306867276934714e-01
8.377177177177176359e-01 5.588558995944898911e-01
8.386696696696696041e-01 5.582788317633314845e-01
8.396216216216215722e-01 5.576995904612273014e-01
8.405735735735735403e-01 5.571180988802417744e-01
8.415255255255255085e-01 5.565340912426937070e-01
8.424774774774773656e-01 5.559471110678538830e-01
8.434294294294293337e-01 5.553565126842696653e-01
8.443813813813813018e-01 5.547614659771938905e-01
8.453333333333332700e-01 5.541609643058881263e-01
8.462852852852852381e-01 5.535538354715539011e-01
8.472372372372372062e-01 5.529387555643396901e-01
8.481891891891890634e-01 5.523142654681126862e-01
8.491411411411410315e-01 5.516787897553152575e-01
8.500930930930929996e-01 5.510306576620472852e-01
8.510450450450449678e-01 5.503681257962744766e-01
8.519969969969969359e-01 5.496894022003749880e-01
8.529489489489489040e-01 5.489926713637206523e-01
8.539009009009008722e-01 5.482761197620594773e-01
8.548528528528527293e-01 5.475379614885416135e-01
8.558048048048046974e-01 5.467764635365180981e-01
8.567567567567566655e-01 5.459899702969069901e-01
8.577087087087086337e-01 5.451769268429674797e-01
8.586606606606606018e-01 5.443359005926450278e-01
8.596126126126125699e-01 5.434656009630259854e-01
8.605645645645645381e-01 5.425648966625259417e-01
8.615165165165163952e-01 5.416328303037821756e-01
8.624684684684683633e-01 5.406686300632476128e-01
8.634204204204203315e-01 5.396717181615675596e-01
8.643723723723722996e-01 5.386417159911834895e-01
8.653243243243242677e-01 5.375784457734438249e-01
8.662762762762762359e-01 5.364819286859272562e-01
8.672282282282282040e-01 5.353523794607752961e-01
8.681801801801800611e-01 5.341901975155839422e-01
8.691321321321320292e-01 5.329959547388898322e-01
8.700840840840839974e-01 5.317703801114548323e-01
8.710360360360359655e-01 5.305143414014884540e-01
8.719879879879879336e-01 5.292288242256363295e-01
8.729399399399399018e-01 5.279149088171718462e-01
8.738918918918918699e-01 5.265737448874452387e-01
8.748438438438437270e-01 5.252065250055413248e-01
8.757957957957956951e-01 5.238144569536045125e-01
8.767477477477476633e-01 5.223987355407085920e-01
8.776996996996996314e-01 5.209605143762036095e-01
8.786516516516515996e-01 5.195008781135298515e-01
8.796036036036035677e-01 5.180208156775916173e-01
8.805555555555555358e-01 5.165211949825579962e-01
8.815075075075073929e-01 5.150027396326151141e-01
8.824594594594593611e-01 5.134660080757618150e-01
8.834114114114113292e-01 5.119113756505317969e-01
8.843633633633632973e-01 5.103390199279786987e-01
8.853153153153152655e-01 5.087489097067722232e-01
8.862672672672672336e-01 5.071407979686539669e-01
8.872192192192190907e-01 5.055142190453028039e-01
8.881711711711710588e-01 5.038684901868619725e-01
8.891231231231230270e-01 5.022027176578282015e-01
8.900750750750749951e-01 5.005158074185988015e-01
8.910270270270269632e-01 4.988064803819191595e-01
8.919789789789789314e-01 4.970732921635715451e-01
8.929309309309308995e-01 4.953146571772902296e-01
8.938828828828827566e-01 4.935288768557817285e-01
8.948348348348347248e-01 4.917141717142937685e-01
8.957867867867866929e-01 4.898687169112080353e-01
8.967387387387386610e-01 4.879906809026426373e-01
8.976906906906906292e-01 4.860782667360619702e-01
8.986426426426425973e-01 4.841297554821163418e-01
8.995945945945945654e-01 4.821435512651730537e-01
9.005465465465464225e-01 4.801182273218671526e-01
9.014984984984983907e-01 4.780525724940567489e-01
9.024504504504503588e-01 4.759456375481518897e-01
9.034024024024023269e-01 4.737967807071860049e-01
9.043543543543542951e-01 4.716057117853703629e-01
9.053063063063062632e-01 4.693725343271702988e-01
9.062582582582582313e-01 4.670977851740404918e-01
9.072102102102100885e-01 4.647824709115367381e-01
9.081621621621620566e-01 4.624281006872328348e-01
9.091141141141140247e-01 4.600367149351066165e-01
9.100660660660659929e-01 4.576109095941472416e-01
9.110180180180179610e-01 4.551538554672208692e-01
9.119699699699699291e-01 4.526693124296537474e-01
9.129219219219218973e-01 4.501616382648110370e-01
9.138738738738737544e-01 4.476357919749582304e-01
9.148258258258257225e-01 4.450973314889732357e-01
9.157777777777776906e-01 4.425524057628276164e-01
9.167297297297296588e-01 4.400077413430528717e-01
9.176816816816816269e-01 4.374706235366484508e-01
9.186336336336335950e-01 4.349488724017257502e-01
9.195855855855854522e-01 4.324508138408617586e-01
9.205375375375374203e-01 4.299852461423127603e-01
9.214894894894893884e-01 4.275614023722345003e-01
9.224414414414413566e-01 4.251889090728048770e-01
9.233933933933933247e-01 4.228777417660030680e-01
9.243453453453452928e-01 4.206381778000619076e-01
9.252972972972972610e-01 4.184807471046917970e-01
9.262492492492491181e-01 4.164161814418056440e-01
9.272012012012010862e-01 4.144553627501659787e-01
9.281531531531530543e-01 4.126092711852297201e-01
9.291051051051050225e-01 4.108889334493206480e-01
9.300570570570569906e-01 4.093053719923294698e-01
9.310090090090089587e-01 4.078695556397231026e-01
9.319609609609609269e-01 4.065923521731817925e-01
9.329129129129127840e-01 4.054844833501535795e-01
9.338648648648647521e-01 4.045564828027862769e-01
9.348168168168167202e-01 4.038186572048315659e-01
9.357687687687686884e-01 4.032810510380128166e-01
9.367207207207206565e-01 4.029534152281103454e-01
9.376726726726726246e-01 4.028451798565105269e-01
9.386246246246245928e-01 4.029654310864397848e-01
9.395765765765764499e-01 4.033228923754644812e-01
9.405285285285284180e-01 4.039259099784306972e-01
9.414804804804803862e-01 4.047824426787009489e-01
9.424324324324323543e-01 4.059000556216861288e-01
9.433843843843843224e-01 4.072859180640202026e-01
9.443363363363362906e-01 4.089468047955622798e-01
9.452882882882882587e-01 4.108891009403968786e-01
9.462402402402401158e-01 4.131188097980827978e-01
9.471921921921920839e-01 4.156415633483238614e-01
9.481441441441440521e-01 4.184626350114408755e-01
9.490960960960960202e-01 4.215869542341246778e-01
9.500480480480479883e-01 4.250191224552355984e-01
9.509999999999999565e-01 4.287634299999995569e-01
