0.000000000000000000e+00 7.341731715586715667e-01
9.519519519519518708e-04 7.367502851903783290e-01
1.903903903903903742e-03 7.392304057137945028e-01
2.855855855855855829e-03 7.416189738916475482e-01
3.807807807807807483e-03 7.439214304866668126e-01
4.759759759759759137e-03 7.461432162615800889e-01
5.711711711711711659e-03 7.482897719791156144e-01
6.663663663663663313e-03 7.503665384020019591e-01
7.615615615615614967e-03 7.523789562929678043e-01
8.567567567567567488e-03 7.543324664147403880e-01
9.519519519519518275e-03 7.562325095300482802e-01
1.047147147147147080e-02 7.580845264016207175e-01
1.142342342342342332e-02 7.598939577921851596e-01
1.237537537537537410e-02 7.616662444644701768e-01
1.332732732732732663e-02 7.634068271812038953e-01
1.427927927927927741e-02 7.651211467051146631e-01
1.523123123123122993e-02 7.668146437989313835e-01
1.618318318318318072e-02 7.684927592253815165e-01
1.713513513513513498e-02 7.701609337471937433e-01
1.808708708708708576e-02 7.718246081270964121e-01
1.903903903903903655e-02 7.734892231278177599e-01
1.999099099099099081e-02 7.751602195120861349e-01
2.094294294294294159e-02 7.768430380426298854e-01
2.189489489489489238e-02 7.785431194821771372e-01
2.284684684684684663e-02 7.802659045934563498e-01
2.379879879879879742e-02 7.820168341391955380e-01
2.475075075075074821e-02 7.838013488821236052e-01
2.570270270270269899e-02 7.856248895849684555e-01
2.665465465465465325e-02 7.874928970104584369e-01
2.760660660660660404e-02 7.894108119213216757e-01
2.855855855855855482e-02 7.913840750802868529e-01
2.951051051051050908e-02 7.934181272500818727e-01
3.046246246246245987e-02 7.955184091934357493e-01
3.141441441441441412e-02 7.976903616730759428e-01
3.236636636636636144e-02 7.999394254517310232e-01
3.331831831831831570e-02 8.022710412921296719e-01
3.427027027027026995e-02 8.046906499569999038e-01
3.522222222222221727e-02 8.072036922090699562e-01
3.617417417417417153e-02 8.098156088110683992e-01
3.712612612612612578e-02 8.125318405257231369e-01
3.807807807807807310e-02 8.153578281157627394e-01
3.903003003003002735e-02 8.182990123439155550e-01
3.998198198198198161e-02 8.213608339729099317e-01
4.093393393393392893e-02 8.245487337654738846e-01
4.188588588588588318e-02 8.278681524843357620e-01
4.283783783783783744e-02 8.313244014599909804e-01
4.378978978978978476e-02 8.349178890483076598e-01
4.474174174174173901e-02 8.386427279402262069e-01
4.569369369369369327e-02 8.424926173869522472e-01
4.664564564564564059e-02 8.464612566396900739e-01
4.759759759759759484e-02 8.505423449496452015e-01
4.854954954954954216e-02 8.547295815680222564e-01
4.950150150150149642e-02 8.590166657460257538e-01
5.045345345345345067e-02 8.633972967348607641e-01
5.140540540540539799e-02 8.678651737857323578e-01
5.235735735735735225e-02 8.724139961498450502e-01
5.330930930930930650e-02 8.770374630784043557e-01
5.426126126126125382e-02 8.817292738226145676e-01
5.521321321321320807e-02 8.864831276336807564e-01
5.616516516516516233e-02 8.912927237628078814e-01
5.711711711711710965e-02 8.961517614612002358e-01
5.806906906906906390e-02 9.010539399800636673e-01
5.902102102102101816e-02 9.059929585706025801e-01
5.997297297297296548e-02 9.109625164840217115e-01
6.092492492492491973e-02 9.159563129715260210e-01
6.187687687687687399e-02 9.209680474069938949e-01
6.282882882882882825e-02 9.259930535669788076e-01
6.378078078078076862e-02 9.310323953856296519e-01
6.473273273273272288e-02 9.360883918705933393e-01
6.568468468468467714e-02 9.411633620295165592e-01
6.663663663663663139e-02 9.462596248700472223e-01
6.758858858858858565e-02 9.513794993998323513e-01
6.854054054054053990e-02 9.565253046265194126e-01
6.949249249249248028e-02 9.616993595577546516e-01
7.044444444444443454e-02 9.669039832011863123e-01
7.139639639639638879e-02 9.721414945644609729e-01
7.234834834834834305e-02 9.774142126552258780e-01
7.330030030030029731e-02 9.827244564811287164e-01
7.425225225225225156e-02 9.880745450498160665e-01
7.520420420420419194e-02 9.934667973689353948e-01
7.615615615615614620e-02 9.989035324461338350e-01
7.710810810810810045e-02 1.004387069289059076e+00
7.806006006006005471e-02 1.009919726905357251e+00
7.901201201201200897e-02 1.015503824302676605e+00
7.996396396396396322e-02 1.021141680488663717e+00
8.091591591591590360e-02 1.026835614470966052e+00
8.186786786786785786e-02 1.032587945257230633e+00
8.281981981981981211e-02 1.038400991855104705e+00
8.377177177177176637e-02 1.044277073272235512e+00
8.472372372372372062e-02 1.050218508516270521e+00
8.567567567567567488e-02 1.056227615586014856e+00
8.662762762762761526e-02 1.062299445549036436e+00
8.757957957957956951e-02 1.068404360642742024e+00
8.853153153153152377e-02 1.074507484865459439e+00
8.948348348348347803e-02 1.080573942215518057e+00
9.043543543543543228e-02 1.086568856691246143e+00
9.138738738738738654e-02 1.092457352290972405e+00
9.233933933933932692e-02 1.098205292233671138e+00
9.329129129129128117e-02 1.103804076272252299e+00
9.424324324324323543e-02 1.109276535743056957e+00
9.519519519519518969e-02 1.114647436180346896e+00
9.614714714714714394e-02 1.119941543118382787e+00
9.709909909909908432e-02 1.125183622091426416e+00
9.805105105105103858e-02 1.130398438633738234e+00
9.900300300300299283e-02 1.135610758279580912e+00
9.995495495495494709e-02 1.140845344041957699e+00
1.009069069069069013e-01 1.146120639301726918e+00
1.018588588588588556e-01 1.151435139051889101e+00
1.028108108108107960e-01 1.156783411881173729e+00
1.037627627627627502e-01 1.162160026378309841e+00
1.047147147147147045e-01 1.167559551132027362e+00
1.056666666666666587e-01 1.172976554731054888e+00
1.066186186186186130e-01 1.178405605764121900e+00
1.075705705705705673e-01 1.183841272819957435e+00
1.085225225225225076e-01 1.189278124487291644e+00
1.094744744744744619e-01 1.194710729354852452e+00
1.104264264264264161e-01 1.200133656011369565e+00
1.113783783783783704e-01 1.205541473045573353e+00
1.123303303303303247e-01 1.210928749046191744e+00
1.132822822822822789e-01 1.216290052601954885e+00
1.142342342342342193e-01 1.221619952301591372e+00
1.151861861861861736e-01 1.226913016733831130e+00
1.161381381381381278e-01 1.232163814487402753e+00
1.170900900900900821e-01 1.237367132106265810e+00
1.180420420420420363e-01 1.242522045410478171e+00
1.189939939939939906e-01 1.247631552245959785e+00
1.199459459459459310e-01 1.252698794779288471e+00
1.208978978978978852e-01 1.257726915177041160e+00
1.218498498498498395e-01 1.262719055605795226e+00
1.228018018018017937e-01 1.267678358232128266e+00
1.237537537537537480e-01 1.272607965222616322e+00
1.247057057057056884e-01 1.277511018743837434e+00
1.256576576576576565e-01 1.282390660962368534e+00
1.266096096096095969e-01 1.287250034044787217e+00
1.275615615615615372e-01 1.292092280157669970e+00
1.285135135135135054e-01 1.296920541467594612e+00
1.294654654654654458e-01 1.301737960141138073e+00
1.304174174174174139e-01 1.306547678344877950e+00
1.313693693693693543e-01 1.311352838245390728e+00
1.323213213213213224e-01 1.316156582009253562e+00
1.332732732732732628e-01 1.320962051803044490e+00
1.342252252252252032e-01 1.325769425180332250e+00
1.351771771771771713e-01 1.330566221891579470e+00
1.361291291291291117e-01 1.335336584109734659e+00
1.370810810810810798e-01 1.340064653975215903e+00
1.380330330330330202e-01 1.344734573628441732e+00
1.389849849849849606e-01 1.349330485209830011e+00
1.399369369369369287e-01 1.353836530859799936e+00
1.408888888888888691e-01 1.358236852718769816e+00
1.418408408408408372e-01 1.362515596345129421e+00
1.427927927927927776e-01 1.366660897759960358e+00
1.437447447447447457e-01 1.370672584777974601e+00
1.446966966966966861e-01 1.374552615370602471e+00
1.456486486486486265e-01 1.378302947509275400e+00
1.466006006006005946e-01 1.381925539165424155e+00
1.475525525525525350e-01 1.385422348310480611e+00
1.485045045045045031e-01 1.388795332915875536e+00
1.494564564564564435e-01 1.392046450953039916e+00
1.504084084084083839e-01 1.395177660393404961e+00
1.513603603603603520e-01 1.398190919208400995e+00
1.523123123123122924e-01 1.401088185369459671e+00
1.532642642642642605e-01 1.403871416848012865e+00
1.542162162162162009e-01 1.406542571615490678e+00
1.551681681681681413e-01 1.409103607643324096e+00
1.561201201201201094e-01 1.411556482902944776e+00
1.570720720720720498e-01 1.413903155365783704e+00
1.580240240240240179e-01 1.416145583003271868e+00
1.589759759759759583e-01 1.418285723786839814e+00
1.599279279279279264e-01 1.420325535687919638e+00
1.608798798798798668e-01 1.422266976677941885e+00
1.618318318318318072e-01 1.424112004728337544e+00
1.627837837837837753e-01 1.425862577810538045e+00
1.637357357357357157e-01 1.427520653895973934e+00
1.646876876876876838e-01 1.429088190956076865e+00
1.656396396396396242e-01 1.430567146962277825e+00
1.665915915915915646e-01 1.431959479886007136e+00
1.675435435435435327e-01 1.433267147698697119e+00
1.684954954954954731e-01 1.434492108371777874e+00
1.694474474474474412e-01 1.435636319876680833e+00
1.703993993993993816e-01 1.436701740184837428e+00
1.713513513513513498e-01 1.437690317629642944e+00
1.723033033033032901e-01 1.438603039476340495e+00
1.732552552552552305e-01 1.439439127717337286e+00
1.742072072072071987e-01 1.440197614979238816e+00
1.751591591591591390e-01 1.440877533888653250e+00
1.761111111111111072e-01 1.441477917072186310e+00
1.770630630630630475e-01 1.441997797156445271e+00
1.780150150150149879e-01 1.442436206768036522e+00
1.789669669669669561e-01 1.442792178533567560e+00
1.799189189189188964e-01 1.443064745079645217e+00
1.808708708708708646e-01 1.443252939032875659e+00
1.818228228228228049e-01 1.443355793019865940e+00
1.827747747747747731e-01 1.443372339667223336e+00
1.837267267267267135e-01 1.443301611601554235e+00
1.846786786786786538e-01 1.443142641449465025e+00
1.856306306306306220e-01 1.442894461837563869e+00
1.865825825825825623e-01 1.442556105392456267e+00
1.875345345345345305e-01 1.442126604740749274e+00
1.884864864864864709e-01 1.441604992509050165e+00
1.894384384384384112e-01 1.440990301323965772e+00
1.903903903903903794e-01 1.440281563812102483e+00
1.913423423423423197e-01 1.439477812600067130e+00
1.922942942942942879e-01 1.438578080314466989e+00
1.932462462462462283e-01 1.437581399581908892e+00
1.941981981981981686e-01 1.436486803028999004e+00
1.951501501501501368e-01 1.435293323282344602e+00
1.961021021021020772e-01 1.433999992968552517e+00
1.970540540540540453e-01 1.432605844714229137e+00
1.980060060060059857e-01 1.431109911145981961e+00
1.989579579579579538e-01 1.429511224890417376e+00
1.999099099099098942e-01 1.427808818574142213e+00
2.008618618618618346e-01 1.426001724823763084e+00
2.018138138138138027e-01 1.424088978962294361e+00
2.027657657657657431e-01 1.422070169483619306e+00
2.037177177177177112e-01 1.419946110130667405e+00
2.046696696696696516e-01 1.417717779052592331e+00
2.056216216216215920e-01 1.415386154398545315e+00
2.065735735735735601e-01 1.412952214317680699e+00
2.075255255255255005e-01 1.410416936959151046e+00
2.084774774774774686e-01 1.407781300472109143e+00
2.094294294294294090e-01 1.405046283005708885e+00
2.103813813813813771e-01 1.402212862709102392e+00
2.113333333333333175e-01 1.399282017731442451e+00
2.122852852852852579e-01 1.396254726221882736e+00
2.132372372372372260e-01 1.393131966329576032e+00
2.141891891891891664e-01 1.389914716203675127e+00
2.151411411411411345e-01 1.386603953993333027e+00
2.160930930930930749e-01 1.383200657847702519e+00
2.170450450450450153e-01 1.379705805915937056e+00
2.179969969969969834e-01 1.376120376347188978e+00
2.189489489489489238e-01 1.372445347290611961e+00
2.199009009009008919e-01 1.368681696895359012e+00
2.208528528528528323e-01 1.364830403310581808e+00
2.218048048048047727e-01 1.360892444685435354e+00
2.227567567567567408e-01 1.356868799169070883e+00
2.237087087087086812e-01 1.352760444910641846e+00
2.246606606606606493e-01 1.348568360059301474e+00
2.256126126126125897e-01 1.344293522764202997e+00
2.265645645645645578e-01 1.339936911174498757e+00
2.275165165165164982e-01 1.335499503439342206e+00
2.284684684684684386e-01 1.330983311812508507e+00
2.294204204204204067e-01 1.326396414049981320e+00
2.303723723723723471e-01 1.321749092475184462e+00
2.313243243243243152e-01 1.317051632546515139e+00
2.322762762762762556e-01 1.312314319722371003e+00
2.332282282282281960e-01 1.307547439461150374e+00
2.341801801801801641e-01 1.302761277221251124e+00
2.351321321321321045e-01 1.297966118461070240e+00
2.360840840840840726e-01 1.293172248639006483e+00
2.370360360360360130e-01 1.288389953213456618e+00
2.379879879879879812e-01 1.283629412498506595e+00
2.389399399399399215e-01 1.278894615264768664e+00
2.398918918918918619e-01 1.274180020132767543e+00
2.408438438438438300e-01 1.269479273676497488e+00
2.417957957957957704e-01 1.264786022469950977e+00
2.427477477477477386e-01 1.260093913087120709e+00
2.436996996996996789e-01 1.255396592102000275e+00
2.446516516516516193e-01 1.250687706088583262e+00
2.456036036036035874e-01 1.245960901620861261e+00
2.465555555555555278e-01 1.241209825272828748e+00
2.475075075075074960e-01 1.236428123618478203e+00
2.484594594594594363e-01 1.231609443231802992e+00
2.494114114114113767e-01 1.226747430686796037e+00
2.503633633633633448e-01 1.221835732557450038e+00
2.513153153153153130e-01 1.216867995417759030e+00
2.522672672672672256e-01 1.211837865841715711e+00
2.532192192192191937e-01 1.206738990403312561e+00
2.541711711711711619e-01 1.201565015676543613e+00
2.551231231231230745e-01 1.196309588235401788e+00
2.560750750750750426e-01 1.190966354653879344e+00
2.570270270270270108e-01 1.185528961505970313e+00
2.579789789789789789e-01 1.179991055365667618e+00
2.589309309309308915e-01 1.174346282806963737e+00
2.598828828828828597e-01 1.168588290403852481e+00
2.608348348348348278e-01 1.162710724730326328e+00
2.617867867867867404e-01 1.156707232360379756e+00
2.627387387387387085e-01 1.150575545638754082e+00
2.636906906906906767e-01 1.144350783467610322e+00
2.646426426426426448e-01 1.138088116931885052e+00
2.655945945945945574e-01 1.131842908329681707e+00
2.665465465465465256e-01 1.125670519959102611e+00
2.674984984984984937e-01 1.119626314118252308e+00
2.684504504504504063e-01 1.113765653105232900e+00
2.694024024024023745e-01 1.108133331113836384e+00
2.703543543543543426e-01 1.102707195551601016e+00
2.713063063063063107e-01 1.097438958352529248e+00
2.722582582582582233e-01 1.092280271633441213e+00
2.732102102102101915e-01 1.087182787511156601e+00
2.741621621621621596e-01 1.082098158102495766e+00
2.751141141141140722e-01 1.076978035524279287e+00
2.760660660660660404e-01 1.071774071893326186e+00
2.770180180180180085e-01 1.066440834190615972e+00
2.779699699699699211e-01 1.060973147276395689e+00
2.789219219219218893e-01 1.055395194625426303e+00
2.798738738738738574e-01 1.049731826381294475e+00
2.808258258258258255e-01 1.044007892687584649e+00
2.817777777777777382e-01 1.038248243687883487e+00
2.827297297297297063e-01 1.032477729525776544e+00
2.836816816816816744e-01 1.026720259757292197e+00
2.846336336336335870e-01 1.020986880389129547e+00
2.855855855855855552e-01 1.015279319756257292e+00
2.865375375375375233e-01 1.009599097982049054e+00
2.874894894894894914e-01 1.003947735189879120e+00
2.884414414414414041e-01 9.983267515031203354e-01
2.893933933933933722e-01 9.927376670451465435e-01
2.903453453453453403e-01 9.871820019393312551e-01
2.912972972972972530e-01 9.816612763090475369e-01
2.922492492492492211e-01 9.761770102776688995e-01
2.932012012012011892e-01 9.707307239685689648e-01
2.941531531531531019e-01 9.653239375051220206e-01
2.951051051051050700e-01 9.599581710107001342e-01
2.960570570570570381e-01 9.546349446086779267e-01
2.970090090090090063e-01 9.493557784224277984e-01
2.979609609609609189e-01 9.441221925753244815e-01
2.989129129129128870e-01 9.389357071907404872e-01
2.998648648648648551e-01 9.337978423920496596e-01
3.008168168168167678e-01 9.287101183026258422e-01
3.017687687687687359e-01 9.236740550458417687e-01
3.027207207207207040e-01 9.186911727450716159e-01
3.036726726726726722e-01 9.137629915236881173e-01
3.046246246246245848e-01 9.088910315050661159e-01
3.055765765765765529e-01 9.040768128125770131e-01
3.065285285285285211e-01 8.993218555695959848e-01
3.074804804804804337e-01 8.946276798994965418e-01
3.084324324324324018e-01 8.899958059256508625e-01
3.093843843843843699e-01 8.854277537714332347e-01
3.103363363363362826e-01 8.809250435602177243e-01
3.112882882882882507e-01 8.764891954153769538e-01
3.122402402402402188e-01 8.721217294602844339e-01
3.131921921921921870e-01 8.678241658183140084e-01
3.141441441441440996e-01 8.635980246128388549e-01
3.150960960960960677e-01 8.594448259672329282e-01
3.160480480480480359e-01 8.553660900048690729e-01
3.169999999999999485e-01 8.513633368469162299e-01
3.179519519519519166e-01 8.474379009517584160e-01
3.189039039039038848e-01 8.435904243363775423e-01
3.198558558558558529e-01 8.398213876218985074e-01
3.208078078078077655e-01 8.361312714294468762e-01
3.217597597597597336e-01 8.325205563801474362e-01
3.227117117117117018e-01 8.289897230951253082e-01
3.236636636636636144e-01 8.255392521955059459e-01
3.246156156156155825e-01 8.221696243024140260e-01
3.255675675675675507e-01 8.188813200369748913e-01
3.265195195195195188e-01 8.156748200203136623e-01
3.274714714714714314e-01 8.125506048735555709e-01
3.284234234234233996e-01 8.095091552178260708e-01
3.293753753753753677e-01 8.065509516742495055e-01
3.303273273273272803e-01 8.036764748639516620e-01
3.312792792792792484e-01 8.008862054080576609e-01
3.322312312312312166e-01 7.981806239276916237e-01
3.331831831831831292e-01 7.955602110439804475e-01
3.341351351351350973e-01 7.930254473780480318e-01
3.350870870870870655e-01 7.905768135510196082e-01
3.360390390390390336e-01 7.882147901840209636e-01
3.369909909909909462e-01 7.859398578981767747e-01
3.379429429429429144e-01 7.837524973146119400e-01
3.388948948948948825e-01 7.816531890544519134e-01
3.398468468468467951e-01 7.796424137388218156e-01
3.407987987987987633e-01 7.777206519888467673e-01
3.417507507507507314e-01 7.758883844256518891e-01
3.427027027027026995e-01 7.741460916703624129e-01
3.436546546546546121e-01 7.724942543441033482e-01
3.446066066066065803e-01 7.709333530679998159e-01
3.455585585585585484e-01 7.694638684631771586e-01
3.465105105105104610e-01 7.680862811507604970e-01
3.474624624624624292e-01 7.668010717518747299e-01
3.484144144144143973e-01 7.656087208876450889e-01
3.493663663663663099e-01 7.645097091791966948e-01
3.503183183183182781e-01 7.635045172476547792e-01
3.512702702702702462e-01 7.625936257141445740e-01
3.522222222222222143e-01 7.617775151997909777e-01
3.531741741741741270e-01 7.610566663257192221e-01
3.541261261261260951e-01 7.604315597130544280e-01
3.550780780780780632e-01 7.599026759829219380e-01
3.560300300300299758e-01 7.594704957564468728e-01
3.569819819819819440e-01 7.591354996547537981e-01
3.579339339339339121e-01 7.588973100812829164e-01
3.588858858858858802e-01 7.587487873696623364e-01
3.598378378378377929e-01 7.586795888524281439e-01
3.607897897897897610e-01 7.586793526731300252e-01
3.617417417417417291e-01 7.587377169753177775e-01
3.626936936936936418e-01 7.588443199025408648e-01
3.636456456456456099e-01 7.589887995983491953e-01
3.645975975975975780e-01 7.591607942062917891e-01
3.655495495495495462e-01 7.593499418699191095e-01
3.665015015015014588e-01 7.595458807327801765e-01
3.674534534534534269e-01 7.597382489384248982e-01
3.684054054054053950e-01 7.599166846304030720e-01
3.693573573573573077e-01 7.600708259522638288e-01
3.703093093093092758e-01 7.601903110475572989e-01
3.712612612612612439e-01 7.602647780598329463e-01
3.722132132132131566e-01 7.602846969560690393e-01
3.731651651651651247e-01 7.602507870896558773e-01
3.741171171171170928e-01 7.601706662834455397e-01
3.750690690690690610e-01 7.600520808930267824e-01
3.760210210210209736e-01 7.599027772739884723e-01
3.769729729729729417e-01 7.597305017819186990e-01
3.779249249249249099e-01 7.595430007724062182e-01
3.788768768768768225e-01 7.593480206010400080e-01
3.798288288288287906e-01 7.591533076234082689e-01
3.807807807807807587e-01 7.589666081950994236e-01
3.817327327327327269e-01 7.587956686717024501e-01
3.826846846846846395e-01 7.586482354088056601e-01
3.836366366366366076e-01 7.585320547619980314e-01
3.845885885885885758e-01 7.584548730868676536e-01
3.855405405405404884e-01 7.584244367390033936e-01
3.864924924924924565e-01 7.584484920739940073e-01
3.874444444444444247e-01 7.585347854474279172e-01
3.883963963963963373e-01 7.586906769177423904e-01
3.893483483483483054e-01 7.589197069238868831e-01
3.903003003003002735e-01 7.592232368835544198e-01
3.912522522522522417e-01 7.596026028018151299e-01
3.922042042042041543e-01 7.600591406837394759e-01
3.931561561561561224e-01 7.605941865343976982e-01
3.941081081081080906e-01 7.612090763588600373e-01
3.950600600600600032e-01 7.619051461621966226e-01
3.960120120120119713e-01 7.626837319494778056e-01
3.969639639639639395e-01 7.635461697257737157e-01
3.979159159159159076e-01 7.644937954961548154e-01
3.988678678678678202e-01 7.655279452656909012e-01
3.998198198198197884e-01 7.666499550394529905e-01
4.007717717717717565e-01 7.678611608225102136e-01
4.017237237237236691e-01 7.691628986199336993e-01
4.026756756756756372e-01 7.705565044367935768e-01
4.036276276276276054e-01 7.720433142781594205e-01
4.045795795795795180e-01 7.736246641491022480e-01
4.055315315315314861e-01 7.753018900546918557e-01
4.064834834834834543e-01 7.770763279999990392e-01
4.074354354354354224e-01 7.789493139900933727e-01
4.083873873873873350e-01 7.809221840300453188e-01
4.093393393393393032e-01 7.829962741249253400e-01
4.102912912912912713e-01 7.851729202798033436e-01
4.112432432432431839e-01 7.874534584997494591e-01
4.121951951951951520e-01 7.898392247898343710e-01
4.131471471471471202e-01 7.923315551551280977e-01
4.140990990990990883e-01 7.949317856007012129e-01
4.150510510510510009e-01 7.976412521316234017e-01
4.160030030030029691e-01 8.004612907529651267e-01
4.169549549549549372e-01 8.033932374697967393e-01
4.179069069069068498e-01 8.064384282871881471e-01
4.188588588588588180e-01 8.095980747446021031e-01
4.198108108108107861e-01 8.128715302084533745e-01
4.207627627627627542e-01 8.162567197655400397e-01
4.217147147147146669e-01 8.197515318860715272e-01
4.226666666666666350e-01 8.233538550402570433e-01
4.236186186186186031e-01 8.270615776983055722e-01
4.245705705705705157e-01 8.308725883304264315e-01
4.255225225225224839e-01 8.347847754068289383e-01
4.264744744744744520e-01 8.387960273977221881e-01
4.274264264264263646e-01 8.429042327733151652e-01
4.283783783783783328e-01 8.471072800038172979e-01
4.293303303303303009e-01 8.514030575594381256e-01
4.302822822822822690e-01 8.557894539103866327e-01
4.312342342342341817e-01 8.602643575268711373e-01
4.321861861861861498e-01 8.648256568791020671e-01
4.331381381381381179e-01 8.694712404372881842e-01
4.340900900900900306e-01 8.741989966716385840e-01
4.350420420420419987e-01 8.790068140523624729e-01
4.359939939939939668e-01 8.838925810496691682e-01
4.369459459459459350e-01 8.888541861337680983e-01
4.378978978978978476e-01 8.938895177748678034e-01
4.388498498498498157e-01 8.989964644431778229e-01
4.398018018018017838e-01 9.041729146089076963e-01
4.407537537537536965e-01 9.094167567422661858e-01
4.417057057057056646e-01 9.147258793134627197e-01
4.426576576576576327e-01 9.200981707927066156e-01
4.436096096096095454e-01 9.255315196502065245e-01
4.445615615615615135e-01 9.310238143561723190e-01
4.455135135135134816e-01 9.365729433808127613e-01
4.464654654654654498e-01 9.421767951943372799e-01
4.474174174174173624e-01 9.478332708211005819e-01
4.483693693693693305e-01 9.535406898854421609e-01
4.493213213213212986e-01 9.592978787132859786e-01
4.502732732732732113e-01 9.651036940067853065e-01
4.512252252252251794e-01 9.709569924680946373e-01
4.521771771771771475e-01 9.768566307993675757e-01
4.531291291291291157e-01 9.828014657027578371e-01
4.540810810810810283e-01 9.887903538804189152e-01
4.550330330330329964e-01 9.948221520345056357e-01
4.559849849849849646e-01 1.000895716867171048e+00
4.569369369369368772e-01 1.007009905080569201e+00
4.578888888888888453e-01 1.013163573376853810e+00
4.588408408408408135e-01 1.019355578458179368e+00
4.597927927927927261e-01 1.025584777026698369e+00
4.607447447447446942e-01 1.031850025784566416e+00
4.616966966966966623e-01 1.038150181433936003e+00
4.626486486486486305e-01 1.044484100676961624e+00
4.636006006006005431e-01 1.050850640215796217e+00
4.645525525525525112e-01 1.057248656752594940e+00
4.655045045045044794e-01 1.063677006989510954e+00
4.664564564564563920e-01 1.070134547628697641e+00
4.674084084084083601e-01 1.076620135372309939e+00
4.683603603603603283e-01 1.083132626922500785e+00
4.693123123123122964e-01 1.089670878981424229e+00
4.702642642642642090e-01 1.096233748251234319e+00
4.712162162162161771e-01 1.102820091434084881e+00
4.721681681681681453e-01 1.109428765232129521e+00
4.731201201201200579e-01 1.116058626347522065e+00
4.740720720720720260e-01 1.122708531482416783e+00
4.750240240240239942e-01 1.129377337338967058e+00
4.759759759759759623e-01 1.136063900619327161e+00
4.769279279279278749e-01 1.142767078025650251e+00
4.778798798798798431e-01 1.149485726260091489e+00
4.788318318318318112e-01 1.156218702024802925e+00
4.797837837837837238e-01 1.162964862021939494e+00
4.807357357357356920e-01 1.169723062953655024e+00
4.816876876876876601e-01 1.176492161522103119e+00
4.826396396396395727e-01 1.183271014429437384e+00
4.835915915915915408e-01 1.190058478377812090e+00
4.845435435435435090e-01 1.196853410069381285e+00
4.854954954954954771e-01 1.203654666206298351e+00
4.864474474474473897e-01 1.210461103490716894e+00
4.873993993993993579e-01 1.217271578624791628e+00
4.883513513513513260e-01 1.224084948310675713e+00
4.893033033033032386e-01 1.230900069250522311e+00
4.902552552552552068e-01 1.237715798146487245e+00
4.912072072072071749e-01 1.244530991700723010e+00
4.921591591591591430e-01 1.251344506615383434e+00
4.931111111111110556e-01 1.258155199589205298e+00
4.940630630630630238e-01 1.264961178048081614e+00
4.950150150150149919e-01 1.271757700128045343e+00
4.959669669669669045e-01 1.278539346788021280e+00
4.969189189189188727e-01 1.285300698986934664e+00
4.978708708708708408e-01 1.292036337683709624e+00
4.988228228228227534e-01 1.298740843837270509e+00
4.997747747747747216e-01 1.305408798406543225e+00
5.007267267267266897e-01 1.312034782350451012e+00
5.016786786786786578e-01 1.318613376627919997e+00
5.026306306306306260e-01 1.325139162197873866e+00
5.035825825825825941e-01 1.331606720019237633e+00
5.045345345345344512e-01 1.338010631050935428e+00
5.054864864864864193e-01 1.344345476251893379e+00
5.064384384384383875e-01 1.350605836581035613e+00
5.073903903903903556e-01 1.356786292997286480e+00
5.083423423423423237e-01 1.362881426459570777e+00
5.092942942942942919e-01 1.368885817926813298e+00
5.102462462462461490e-01 1.374794048357938614e+00
5.111981981981981171e-01 1.380600698711871521e+00
5.121501501501500853e-01 1.386300380345683259e+00
5.131021021021020534e-01 1.391898410065966596e+00
5.140540540540540215e-01 1.397426528783801469e+00
5.150060060060059897e-01 1.402920482534721236e+00
5.159579579579579578e-01 1.408416017354261918e+00
5.169099099099098149e-01 1.413948879277955761e+00
5.178618618618617830e-01 1.419554814341339011e+00
5.188138138138137512e-01 1.425269568579945689e+00
5.197657657657657193e-01 1.431128888029310708e+00
5.207177177177176874e-01 1.437161168474930806e+00
5.216696696696696556e-01 1.443339992967213270e+00
5.226216216216216237e-01 1.449614184351250223e+00
5.235735735735734808e-01 1.455932444483068799e+00
5.245255255255254490e-01 1.462243475218698130e+00
5.254774774774774171e-01 1.468495978414165570e+00
5.264294294294293852e-01 1.474638655925498476e+00
5.273813813813813534e-01 1.480620209608725091e+00
5.283333333333333215e-01 1.486396481947922066e+00
5.292852852852852896e-01 1.491963450625336751e+00
5.302372372372371467e-01 1.497331105264997353e+00
5.311891891891891149e-01 1.502509450063247431e+00
5.321411411411410830e-01 1.507508489216424996e+00
5.330930930930930511e-01 1.512338226920872275e+00
5.340450450450450193e-01 1.517008667372928832e+00
5.349969969969969874e-01 1.521529814768936006e+00
5.359489489489489555e-01 1.525911673305235139e+00
5.369009009009008127e-01 1.530167465221570211e+00
5.378528528528527808e-01 1.534326072274120101e+00
5.388048048048047489e-01 1.538421132539030234e+00
5.397567567567567171e-01 1.542486285183104489e+00
5.407087087087086852e-01 1.546555169373145633e+00
5.416606606606606533e-01 1.550661424275957323e+00
5.426126126126126215e-01 1.554838689058342105e+00
5.435645645645644786e-01 1.559120602887103857e+00
5.445165165165164467e-01 1.563540804929046235e+00
5.454684684684684148e-01 1.568132934350971786e+00
5.464204204204203830e-01 1.572917629378483229e+00
5.473723723723723511e-01 1.577858344065404372e+00
5.483243243243243192e-01 1.582902814856995022e+00
5.492762762762761763e-01 1.587998777745228463e+00
5.502282282282281445e-01 1.593093968722078424e+00
5.511801801801801126e-01 1.598136123779517526e+00
5.521321321321320807e-01 1.603072978909519275e+00
5.530840840840840489e-01 1.607852270104055847e+00
5.540360360360360170e-01 1.612424864549256487e+00
5.549879879879879852e-01 1.616775630726651425e+00
5.559399399399398423e-01 1.620910285614330704e+00
5.568918918918918104e-01 1.624834847906149626e+00
5.578438438438437785e-01 1.628555336295959943e+00
5.587957957957957467e-01 1.632077769477615625e+00
5.597477477477477148e-01 1.635408166144970421e+00
5.606996996996996829e-01 1.638552544991876525e+00
5.616516516516516511e-01 1.641516924712188796e+00
5.626036036036035082e-01 1.644307323999759651e+00
5.635555555555554763e-01 1.646929761548442617e+00
5.645075075075074444e-01 1.649390256052091441e+00
5.654594594594594126e-01 1.651694826204558764e+00
5.664114114114113807e-01 1.653849490699698110e+00
5.673633633633633488e-01 1.655860268231363452e+00
5.683153153153153170e-01 1.657733177493407428e+00
5.692672672672671741e-01 1.659474237179683787e+00
5.702192192192191422e-01 1.661089465984046276e+00
5.711711711711711104e-01 1.662584882600347314e+00
5.721231231231230785e-01 1.663966505722440870e+00
5.730750750750750466e-01 1.665240354044180027e+00
5.740270270270270148e-01 1.666412446259418756e+00
5.749789789789789829e-01 1.667488801062009918e+00
5.759309309309308400e-01 1.668475437145806151e+00
5.768828828828828081e-01 1.669378373204662314e+00
5.778348348348347763e-01 1.670203627932430823e+00
5.787867867867867444e-01 1.670957220022965428e+00
5.797387387387387125e-01 1.671645168170118767e+00
5.806906906906906807e-01 1.672273491067744589e+00
5.816426426426425378e-01 1.672848207409697086e+00
5.825945945945945059e-01 1.673375001656529415e+00
5.835465465465464741e-01 1.673854323927816523e+00
5.844984984984984422e-01 1.674282472223215024e+00
5.854504504504504103e-01 1.674655630399893624e+00
5.864024024024023785e-01 1.674969982315022810e+00
5.873543543543543466e-01 1.675221711825771731e+00
5.883063063063062037e-01 1.675407002789309097e+00
5.892582582582581718e-01 1.675522039062804946e+00
5.902102102102101400e-01 1.675563004503427544e+00
5.911621621621621081e-01 1.675526082968346930e+00
5.921141141141140762e-01 1.675407458314731590e+00
5.930660660660660444e-01 1.675203314399752008e+00
5.940180180180180125e-01 1.674909835080576226e+00
5.949699699699698696e-01 1.674523204214374728e+00
5.959219219219218378e-01 1.674039605658315777e+00
5.968738738738738059e-01 1.673455223269569192e+00
5.978258258258257740e-01 1.672766240905304125e+00
5.987777777777777422e-01 1.671968842422689727e+00
5.997297297297297103e-01 1.671059211678895151e+00
6.006816816816816784e-01 1.670033532531089993e+00
6.016336336336335355e-01 1.668887988836443848e+00
6.025855855855855037e-01 1.667618764452125202e+00
6.035375375375374718e-01 1.666222043235303873e+00
6.044894894894894399e-01 1.664694009043149014e+00
6.054414414414414081e-01 1.663030845732829777e+00
6.063933933933933762e-01 1.661228737161515312e+00
6.073453453453453443e-01 1.659283867186375216e+00
6.082972972972972014e-01 1.657192419664579530e+00
6.092492492492491696e-01 1.654950578453295851e+00
6.102012012012011377e-01 1.652554527409694218e+00
6.111531531531531058e-01 1.650000450390944451e+00
6.121051051051050740e-01 1.647284531254215256e+00
6.130570570570570421e-01 1.644403308884266890e+00
6.140090090090090102e-01 1.641360742427065755e+00
6.149609609609608674e-01 1.638167819396979086e+00
6.159129129129128355e-01 1.634835803885055672e+00
6.168648648648648036e-01 1.631375959982347190e+00
6.178168168168167718e-01 1.627799551779904652e+00
6.187687687687687399e-01 1.624117843368778180e+00
6.197207207207207080e-01 1.620342098840018785e+00
6.206726726726725651e-01 1.616483582284677478e+00
6.216246246246245333e-01 1.612553557793803938e+00
6.225765765765765014e-01 1.608563289458448953e+00
6.235285285285284695e-01 1.604524041369663978e+00
6.244804804804804377e-01 1.600447077618500025e+00
6.254324324324324058e-01 1.596343662296006549e+00
6.263843843843843739e-01 1.592224915834865584e+00
6.273363363363362311e-01 1.588096015242434822e+00
6.282882882882881992e-01 1.583954202631746355e+00
6.292402402402401673e-01 1.579796167707497201e+00
6.301921921921921355e-01 1.575618600174383932e+00
6.311441441441441036e-01 1.571418189737102677e+00
6.320960960960960717e-01 1.567191626100350899e+00
6.330480480480480399e-01 1.562935598968823836e+00
6.339999999999998970e-01 1.558646798047219395e+00
6.349519519519518651e-01 1.554321913040232594e+00
6.359039039039038332e-01 1.549957633652561118e+00
6.368558558558558014e-01 1.545550649588900871e+00
6.378078078078077695e-01 1.541097650553948428e+00
6.387597597597597376e-01 1.536595326252400584e+00
6.397117117117117058e-01 1.532040366388953911e+00
6.406636636636635629e-01 1.527429460668305428e+00
6.416156156156155310e-01 1.522759298795149929e+00
6.425675675675674992e-01 1.518026570474185544e+00
6.435195195195194673e-01 1.513227965410107512e+00
6.444714714714714354e-01 1.508360173307613739e+00
6.454234234234234036e-01 1.503419883871399909e+00
6.463753753753753717e-01 1.498403786806162818e+00
6.473273273273272288e-01 1.493308571816599262e+00
6.482792792792791969e-01 1.488131529690804866e+00
6.492312312312311651e-01 1.482873511770819164e+00
6.501831831831831332e-01 1.477536675532813648e+00
6.511351351351351013e-01 1.472123180438560386e+00
6.520870870870870695e-01 1.466635185949829667e+00
6.530390390390390376e-01 1.461074851528394447e+00
6.539909909909908947e-01 1.455444336636025682e+00
6.549429429429428628e-01 1.449745800734494328e+00
6.558948948948948310e-01 1.443981403285572229e+00
6.568468468468467991e-01 1.438153303751030787e+00
6.577987987987987673e-01 1.432263661592642290e+00
6.587507507507507354e-01 1.426314636272177472e+00
6.597027027027025925e-01 1.420308387251408178e+00
6.606546546546545606e-01 1.414247073992105808e+00
6.616066066066065288e-01 1.408132856102032093e+00
6.625585585585584969e-01 1.401968037509484066e+00
6.635105105105104650e-01 1.395755336909562105e+00
6.644624624624624332e-01 1.389497547049865611e+00
6.654144144144144013e-01 1.383197460677994206e+00
6.663663663663662584e-01 1.376857870541547957e+00
6.673183183183182265e-01 1.370481569388124710e+00
6.682702702702701947e-01 1.364071349965324753e+00
6.692222222222221628e-01 1.357630005020748154e+00
6.701741741741741309e-01 1.351160327301993647e+00
6.711261261261260991e-01 1.344665109556661076e+00
6.720780780780780672e-01 1.338147144532350508e+00
6.730300300300299243e-01 1.331609224976660677e+00
6.739819819819818925e-01 1.325054143637191428e+00
6.749339339339338606e-01 1.318484693261541718e+00
6.758858858858858287e-01 1.311903666597311169e+00
6.768378378378377969e-01 1.305313856392099847e+00
6.777897897897897650e-01 1.298718055393506932e+00
6.787417417417417331e-01 1.292119056349131601e+00
6.796936936936935902e-01 1.285519652006574809e+00
6.806456456456455584e-01 1.278922611864748982e+00
6.815975975975975265e-01 1.272328805173649657e+00
6.825495495495494946e-01 1.265735821310044917e+00
6.835015015015014628e-01 1.259140924437532449e+00
6.844534534534534309e-01 1.252541378719709719e+00
6.854054054054053990e-01 1.245934448320173527e+00
6.863573573573572562e-01 1.239317397402522225e+00
6.873093093093092243e-01 1.232687490130352392e+00
6.882612612612611924e-01 1.226041990667260606e+00
6.892132132132131606e-01 1.219378163176845442e+00
6.901651651651651287e-01 1.212693271822703700e+00
6.911171171171170968e-01 1.205984580768433068e+00
6.920690690690690650e-01 1.199249354177630789e+00
6.930210210210209221e-01 1.192484856889598488e+00
6.939729729729728902e-01 1.185690361627544043e+00
6.949249249249248583e-01 1.178871567706779810e+00
6.958768768768768265e-01 1.172035457526084512e+00
6.968288288288287946e-01 1.165189013484236868e+00
6.977807807807807627e-01 1.158339217980016045e+00
6.987327327327326199e-01 1.151493053412201206e+00
6.996846846846845880e-01 1.144657502179569519e+00
7.006366366366365561e-01 1.137839546680900815e+00
7.015885885885885243e-01 1.131046169314974037e+00
7.025405405405404924e-01 1.124284352480567462e+00
7.034924924924924605e-01 1.117561078576460698e+00
7.044444444444444287e-01 1.110883330001431579e+00
7.053963963963962858e-01 1.104258018983669043e+00
7.063483483483482539e-01 1.097688591025027804e+00
7.073003003003002220e-01 1.091173507000588350e+00
7.082522522522521902e-01 1.084710841428621730e+00
7.092042042042041583e-01 1.078298668827398554e+00
7.101561561561561264e-01 1.071935063715191205e+00
7.111081081081080946e-01 1.065618100610268959e+00
7.120600600600599517e-01 1.059345854030904643e+00
7.130120120120119198e-01 1.053116398495368200e+00
7.139639639639638879e-01 1.046927808521930237e+00
7.149159159159158561e-01 1.040778158628862915e+00
7.158678678678678242e-01 1.034665523334436621e+00
7.168198198198197924e-01 1.028587977156922628e+00
7.177717717717717605e-01 1.022543594614591989e+00
7.187237237237236176e-01 1.016530450225716864e+00
7.196756756756755857e-01 1.010546618508566086e+00
7.206276276276275539e-01 1.004590173981412260e+00
7.215795795795795220e-01 9.986591911625255502e-01
7.225315315315314901e-01 9.927517445701776744e-01
7.234834834834834583e-01 9.868659087226397952e-01
7.244354354354354264e-01 9.809997582030122176e-01
7.253873873873872835e-01 9.751523794729445305e-01
7.263393393393392516e-01 9.693264316335471475e-01
7.272912912912912198e-01 9.635253618697801059e-01
7.282432432432431879e-01 9.577526173666039977e-01
7.291951951951951560e-01 9.520116453089775277e-01
7.301471471471471242e-01 9.463058928818610660e-01
7.310990990990990923e-01 9.406388072702133174e-01
7.320510510510509494e-01 9.350138356589953181e-01
7.330030030030029176e-01 9.294344252331654399e-01
7.339549549549548857e-01 9.239040231776831646e-01
7.349069069069068538e-01 9.184260766775086404e-01
7.358588588588588220e-01 9.130040329176015712e-01
7.368108108108107901e-01 9.076413390829213279e-01
7.377627627627626472e-01 9.023414423584282806e-01
7.387147147147146153e-01 8.971077899290806901e-01
7.396666666666665835e-01 8.919438289798390374e-01
7.406186186186185516e-01 8.868530066956626934e-01
7.415705705705705197e-01 8.818387702615111401e-01
7.425225225225224879e-01 8.769045668623444145e-01
7.434744744744744560e-01 8.720538436831221096e-01
7.444264264264263131e-01 8.672900479088038184e-01
7.453783783783782813e-01 8.626166267243485786e-01
7.463303303303302494e-01 8.580370273147163163e-01
7.472822822822822175e-01 8.535546968648669575e-01
7.482342342342341857e-01 8.491730825597597621e-01
7.491861861861861538e-01 8.448956315843545450e-01
7.501381381381381219e-01 8.407257911236108994e-01
7.510900900900899790e-01 8.366670083624888621e-01
7.520420420420419472e-01 8.327227304859470269e-01
7.529939939939939153e-01 8.288964046789456530e-01
7.539459459459458834e-01 8.251914781264443333e-01
7.548978978978978516e-01 8.216113980134024386e-01
7.558498498498498197e-01 8.181596115247798950e-01
7.568018018018017878e-01 8.148395658455362955e-01
7.577537537537536450e-01 8.116547081437729405e-01
7.587057057057056131e-01 8.086017782485681593e-01
7.596576576576575812e-01 8.056517731964474294e-01
7.606096096096095494e-01 8.027695150516598321e-01
7.615615615615615175e-01 7.999198258784538940e-01
7.625135135135134856e-01 7.970675277410792514e-01
7.634654654654654538e-01 7.941774427037845419e-01
7.644174174174173109e-01 7.912143928308189578e-01
7.653693693693692790e-01 7.881432001864314696e-01
7.663213213213212471e-01 7.849286868348708257e-01
7.672732732732732153e-01 7.815356748403866627e-01
7.682252252252251834e-01 7.779289862672272848e-01
7.691771771771771515e-01 7.740734431796421067e-01
7.701291291291290086e-01 7.699340953151118105e-01
7.710810810810809768e-01 7.655081509088947911e-01
7.720330330330329449e-01 7.608579220274156452e-01
7.729849849849849130e-01 7.560535839505846400e-01
7.739369369369368812e-01 7.511653119583117100e-01
7.748888888888888493e-01 7.462632813305076773e-01
7.758408408408408174e-01 7.414176673470824763e-01
7.767927927927926746e-01 7.366986452879470404e-01
7.777447447447446427e-01 7.321636141216474325e-01
7.786966966966966108e-01 7.277859182474032407e-01
7.796486486486485790e-01 7.235049354816496248e-01
7.806006006006005471e-01 7.192599485655035707e-01
7.815525525525525152e-01 7.149902402400828416e-01
7.825045045045044834e-01 7.106350932465034242e-01
7.834564564564563405e-01 7.061337903258838589e-01
7.844084084084083086e-01 7.014256142193394661e-01
7.853603603603602767e-01 6.964498476679882311e-01
7.863123123123122449e-01 6.911457734129470287e-01
7.872642642642642130e-01 6.854581095919941580e-01
7.882162162162161811e-01 6.793740344533414355e-01
7.891681681681681493e-01 6.729006911635574406e-01
7.901201201201200064e-01 6.660453389080672748e-01
7.910720720720719745e-01 6.588152368722934860e-01
7.920240240240239427e-01 6.512176442416610644e-01
7.929759759759759108e-01 6.432598202015942235e-01
7.939279279279278789e-01 6.349490239375173983e-01
7.948798798798798471e-01 6.262925146348541361e-01
7.958318318318318152e-01 6.172975514790290941e-01
7.967837837837836723e-01 6.079713936554681508e-01
7.977357357357356404e-01 5.983213003495922999e-01
7.986876876876876086e-01 5.883623303582734554e-01
7.996396396396395767e-01 5.781987962060310959e-01
8.005915915915915448e-01 5.679919277986792414e-01
8.015435435435435130e-01 5.579038742016321217e-01
8.024954954954954811e-01 5.480960485215029543e-01
8.034474474474473382e-01 5.386028093096157932e-01
8.043993993993993064e-01 5.291880952817712425e-01
8.053513513513512745e-01 5.195811970468837693e-01
8.063033033033032426e-01 5.095114052138653982e-01
8.072552552552552108e-01 4.987308812069963238e-01
8.082072072072071789e-01 4.873860844307247309e-01
8.091591591591590360e-01 4.759560644064493862e-01
8.101111111111110041e-01 4.649302877235200193e-01
8.110630630630629723e-01 4.547713069231898997e-01
8.120150150150149404e-01 4.454456030660891575e-01
8.129669669669669085e-01 4.364835781857417940e-01
8.139189189189188767e-01 4.274007812838509501e-01
8.148708708708708448e-01 4.177127613621196556e-01
8.158228228228227019e-01 4.069413777716832104e-01
8.167747747747746700e-01 3.950232533578651450e-01
8.177267267267266382e-01 3.825595852794977936e-01
8.186786786786786063e-01 3.702113509280266501e-01
8.196306306306305745e-01 3.586338874135886479e-01
8.205825825825825426e-01 3.481179991190697653e-01
8.215345345345345107e-01 3.383739134237716550e-01
8.224864864864863678e-01 3.290600527222582450e-01
8.234384384384383360e-01 3.198348394090906877e-01
8.243903903903903041e-01 3.103566958788332442e-01
8.253423423423422722e-01 3.003240465881218957e-01
8.262942942942942404e-01 2.897927481369093061e-01
8.272462462462462085e-01 2.790066996551490153e-01
8.281981981981981766e-01 2.682114778568918112e-01
8.291501501501500337e-01 2.576518339838894667e-01
8.301021021021020019e-01 2.474907831719830587e-01
8.310540540540539700e-01 2.377415260493458693e-01
8.320060060060059381e-01 2.284012345153526025e-01
8.329579579579579063e-01 2.194670804693779620e-01
8.339099099099098744e-01 2.109362358107964019e-01
8.348618618618618425e-01 2.028058724389826262e-01
8.358138138138136997e-01 1.950731622533120879e-01
8.367657657657656678e-01 1.877352771531576869e-01
8.377177177177176359e-01 1.807893890378948487e-01
8.386696696696696041e-01 1.742326698068981938e-01
8.396216216216215722e-01 1.680622913595423984e-01
8.405735735735735403e-01 1.622754213018758329e-01
8.415255255255255085e-01 1.568678160151286971e-01
8.424774774774773656e-01 1.518317920153455514e-01
8.434294294294293337e-01 1.471591516189266757e-01
8.443813813813813018e-01 1.428416971422741821e-01
8.453333333333332700e-01 1.388712309017894608e-01
8.462852852852852381e-01 1.352395552138741242e-01
8.472372372372372062e-01 1.319384723949295346e-01
8.481891891891890634e-01 1.289597847613576376e-01
8.491411411411410315e-01 1.262952946295591850e-01
8.500930930930929996e-01 1.239368043159359140e-01
8.510450450450449678e-01 1.218761161368894508e-01
8.519969969969969359e-01 1.201050324088212551e-01
8.529489489489489040e-01 1.186153554481327727e-01
8.539009009009008722e-01 1.173988875712254909e-01
8.548528528528527293e-01 1.164474310945010499e-01
8.558048048048046974e-01 1.157527883343606595e-01
8.567567567567566655e-01 1.153067616072058904e-01
8.577087087087086337e-01 1.151011532294383272e-01
8.586606606606606018e-01 1.151277655174594433e-01
8.596126126126125699e-01 1.153784007876706569e-01
8.605645645645645381e-01 1.158448613564735108e-01
8.615165165165163952e-01 1.165189495402693398e-01
8.624684684684683633e-01 1.173924676554598534e-01
8.634204204204203315e-01 1.184572180184464557e-01
8.643723723723722996e-01 1.197050029456306064e-01
8.653243243243242677e-01 1.211276247534138345e-01
8.662762762762762359e-01 1.227177813889396840e-01
8.672282282282282040e-01 1.244814390423480965e-01
8.681801801801800611e-01 1.264347102018868740e-01
8.691321321321320292e-01 1.285939644776591118e-01
8.700840840840839974e-01 1.309755714797673776e-01
8.710360360360359655e-01 1.335959008183143504e-01
8.719879879879879336e-01 1.364713221034027091e-01
8.729399399399399018e-01 1.396182049451351881e-01
8.738918918918918699e-01 1.430529189536145773e-01
8.748438438438437270e-01 1.467918337389430561e-01
8.757957957957956951e-01 1.508513189112242747e-01
8.767477477477476633e-01 1.552477440805604125e-01
8.776996996996996314e-01 1.599974788570542594e-01
8.786516516516515996e-01 1.651245594684961071e-01
8.796036036036035677e-01 1.706885375571847996e-01
8.805555555555555358e-01 1.767592416120658816e-01
8.815075075075073929e-01 1.834065011616820284e-01
8.824594594594593611e-01 1.907001457345780249e-01
8.834114114114113292e-01 1.987100048592967683e-01
8.843633633633632973e-01 2.075059080643816278e-01
8.853153153153152655e-01 2.171551216846633325e-01
8.862672672672672336e-01 2.275673576717406887e-01
8.872192192192190907e-01 2.384059301670108377e-01
8.881711711711710588e-01 2.493126999341480632e-01
8.891231231231230270e-01 2.599295277368229851e-01
8.900750750750749951e-01 2.699039966611690988e-01
8.910270270270269632e-01 2.791465884652080676e-01
8.919789789789789314e-01 2.879347336625888709e-01
8.929309309309308995e-01 2.965731231777837262e-01
8.938828828828827566e-01 3.053664479352636296e-01
8.948348348348347248e-01 3.146193988595022972e-01
8.957867867867866929e-01 3.245785712617951790e-01
8.967387387387386610e-01 3.351315751279028143e-01
8.976906906906906292e-01 3.460290504228604735e-01
8.986426426426425973e-01 3.570213654196615072e-01
8.995945945945945654e-01 3.678589295188050001e-01
9.005465465465464225e-01 3.783680311676725361e-01
9.014984984984983907e-01 3.886080198016622633e-01
9.024504504504503588e-01 3.986828430468066786e-01
9.034024024024023269e-01 4.086964485291391114e-01
9.043543543543542951e-01 4.187527838746935016e-01
9.053063063063062632e-01 4.289557967095032343e-01
9.062582582582582313e-01 4.394094346596020828e-01
9.072102102102100885e-01 4.502176453510219889e-01
9.081621621621620566e-01 4.614843764097996126e-01
9.091141141141140247e-01 4.732849841398990565e-01
9.100660660660659929e-01 4.853180388807725731e-01
9.110180180180179610e-01 4.970161249787217739e-01
9.119699699699699291e-01 5.078062413016273258e-01
9.129219219219218973e-01 5.172951631686880658e-01
9.138738738738737544e-01 5.258194471218943233e-01
9.148258258258257225e-01 5.339008033642137496e-01
9.157777777777776906e-01 5.420609421202344791e-01
9.167297297297296588e-01 5.508215736145454233e-01
9.176816816816816269e-01 5.606659986509846538e-01
9.186336336336335950e-01 5.715329651908108710e-01
9.195855855855854522e-01 5.829569350610477318e-01
9.205375375375374203e-01 5.944627964543427456e-01
9.214894894894893884e-01 6.055764422378564493e-01
9.224414414414413566e-01 6.159748908705704462e-01
9.233933933933933247e-01 6.256460879193357361e-01
9.243453453453452928e-01 6.346162598874977023e-01
9.252972972972972610e-01 6.429116332784023946e-01
9.262492492492491181e-01 6.505584345953943082e-01
9.272012012012010862e-01 6.575830608795791843e-01
9.281531531531530543e-01 6.640311056451057015e-01
9.291051051051050225e-01 6.699846950689606340e-01
9.300570570570569906e-01 6.755300499208031217e-01
9.310090090090089587e-01 6.807533909702923047e-01
9.319609609609609269e-01 6.857409389870872118e-01
9.329129129129127840e-01 6.905789147408465389e-01
9.338648648648647521e-01 6.953535390012303141e-01
9.348168168168167202e-01 7.001510324966180310e-01
9.357687687687686884e-01 7.050334035569322255e-01
9.367207207207206565e-01 7.099692603003991964e-01
9.376726726726726246e-01 7.149046926375879352e-01
9.386246246246245928e-01 7.197857904790678774e-01
9.395765765765764499e-01 7.245586437354069043e-01
9.405285285285284180e-01 7.291693423171758948e-01
9.414804804804803862e-01 7.335639761349425081e-01
9.424324324324323543e-01 7.376886350992761798e-01
9.433843843843843224e-01 7.414894091207456794e-01
9.443363363363362906e-01 7.449141702428921930e-01
9.452882882882882587e-01 7.479584773615154392e-01
9.462402402402401158e-01 7.506696236828440671e-01
9.471921921921920839e-01 7.530974957221931998e-01
9.481441441441440521e-01 7.552919799948768498e-01
9.490960960960960202e-01 7.573029630162095849e-01
9.500480480480479883e-01 7.591803313015054178e-01
9.509999999999999565e-01 7.609739713660790272e-01
